1721276629140 0.61071765 0
1721276629666 0.5630133 1
1721276630062 0.51223236 2
1721276630410 0.46387765 3
1721276630767 0.41560557 4
1721276631098 0.38950726 5
1721276631425 0.35679665 6
1721276631759 0.3287239 7
1721276632094 0.30259892 8
1721276632439 0.27872252 9
1721276632788 0.2586642 10
1721276633131 0.24049272 11
1721276633461 0.22393125 12
1721276633797 0.20880947 13
1721276634132 0.19638066 14
1721276634477 0.18386056 15
1721276634813 0.17270654 16
1721276635149 0.16256775 17
1721276635490 0.15324599 18
1721276635831 0.14440653 19
1721276636173 0.13673718 20
1721276636518 0.12879932 21
1721276636863 0.12175933 22
1721276637209 0.11533193 23
1721276637559 0.109168895 24
1721276637907 0.103575796 25
1721276638293 0.100495525 26
1721276638656 0.09381187 27
1721276639037 0.08975584 28
1721276639392 0.085479744 29
1721276639764 0.08161325 30
1721276640136 0.07849167 31
1721276640541 0.07475968 32
1721276640941 0.07180621 33
1721276641309 0.06870514 34
1721276641670 0.0657497 35
1721276642050 0.06346964 36
1721276642439 0.060994 37
1721276642883 0.05888964 38
1721276643293 0.05694573 39
1721276643682 0.05478988 40
1721276644057 0.052971747 41
1721276644446 0.051418044 42
1721276644874 0.050126847 43
1721276645325 0.04815789 44
1721276645707 0.046897046 45
1721276646089 0.045395806 46
1721276646467 0.044116136 47
1721276646831 0.04282235 48
1721276647207 0.04152808 49
1721276647554 0.040374827 50
1721276647911 0.039508812 51
1721276648276 0.038212992 52
1721276648629 0.037764043 53
1721276648991 0.03639536 54
1721276649374 0.035530977 55
1721276649745 0.034699816 56
1721276650102 0.03428461 57
1721276650483 0.033049352 58
1721276650852 0.032193366 59
1721276651206 0.03165405 60
1721276651578 0.030806888 61
1721276651967 0.030311665 62
1721276652333 0.029584415 63
1721276652799 0.028989065 0
1721276653167 0.028757283 1
1721276653547 0.027860329 2
1721276653915 0.027295303 3
1721276654277 0.026791366 4
1721276654629 0.026202617 5
1721276654990 0.025799867 6
1721276655356 0.025492754 7
1721276655712 0.024999537 8
1721276656069 0.024424925 9
1721276656425 0.024033723 10
1721276656776 0.023538215 11
1721276657139 0.023269411 12
1721276657496 0.022598263 13
1721276657848 0.022147413 14
1721276658195 0.021712353 15
1721276658560 0.021480583 16
1721276658923 0.020942431 17
1721276659277 0.020551477 18
1721276659628 0.020282034 19
1721276659977 0.01982521 20
1721276660335 0.019554108 21
1721276660682 0.019204121 22
1721276661027 0.018894883 23
1721276661379 0.018556753 24
1721276661728 0.01826885 25
1721276662105 0.01799784 26
1721276662507 0.017752707 27
1721276662921 0.017459521 28
1721276663323 0.017235082 29
1721276663685 0.0169072 30
1721276664031 0.016679503 31
1721276664410 0.016493963 32
1721276664758 0.016211556 33
1721276665118 0.015967917 34
1721276665480 0.01583813 35
1721276665999 0.015541086 36
1721276666363 0.0154711455 37
1721276666725 0.015111925 38
1721276667074 0.014875359 39
1721276667427 0.014876388 40
1721276667796 0.01458319 41
1721276668157 0.014366595 42
1721276668506 0.01417829 43
1721276668854 0.014154362 44
1721276669214 0.014117069 45
1721276669564 0.013713729 46
1721276669911 0.0135483965 47
1721276670260 0.013405589 48
1721276670622 0.013225828 49
1721276670997 0.013092881 50
1721276671391 0.01295743 51
1721276671814 0.012830909 52
1721276672264 0.012662778 53
1721276672726 0.012582384 54
1721276673184 0.012482872 55
1721276673658 0.012272402 56
1721276674077 0.012256172 57
1721276674489 0.012109192 58
1721276674883 0.011915967 59
1721276675292 0.011808772 60
1721276675687 0.011698756 61
1721276676103 0.011546045 62
1721276676480 0.011541463 63
1721276676959 0.011342926 0
1721276677322 0.011318261 1
1721276677684 0.011155444 2
1721276678036 0.011015824 3
1721276678435 0.01096895 4
1721276678815 0.0108034145 5
1721276679186 0.01082723 6
1721276679537 0.010656653 7
1721276679902 0.010524465 8
1721276680265 0.010438213 9
1721276680666 0.010342853 10
1721276681046 0.01024259 11
1721276681420 0.010198493 12
1721276681798 0.010146452 13
1721276682166 0.0100004515 14
1721276682520 0.009866622 15
1721276682870 0.009770865 16
1721276683216 0.009692389 17
1721276683564 0.0095899785 18
1721276683928 0.009722492 19
1721276684283 0.009447777 20
1721276684640 0.009403801 21
1721276685019 0.009338011 22
1721276685388 0.009234208 23
1721276685745 0.009121532 24
1721276686095 0.009113504 25
1721276686442 0.008974167 26
1721276686833 0.008898641 27
1721276687255 0.008975569 28
1721276687664 0.008906203 29
1721276688049 0.008742497 30
1721276688415 0.008641031 31
1721276688791 0.0085336985 32
1721276689146 0.0084797265 33
1721276689495 0.008472005 34
1721276689895 0.008340373 35
1721276690297 0.008290007 36
1721276690747 0.008251267 37
1721276691185 0.008166385 38
1721276691637 0.008101625 39
1721276692070 0.008025345 40
1721276692487 0.008037442 41
1721276692887 0.007948382 42
1721276693292 0.007839722 43
1721276693674 0.0077977055 44
1721276694033 0.007743476 45
1721276694393 0.0077442606 46
1721276694745 0.007619301 47
1721276695093 0.0075453836 48
1721276695469 0.0075773643 49
1721276695827 0.007506725 50
1721276696170 0.007437684 51
1721276696517 0.0074916235 52
1721276696871 0.007289911 53
1721276697234 0.0072594173 54
1721276697601 0.007266758 55
1721276697969 0.0071534715 56
1721276698330 0.0071443985 57
1721276698690 0.007043806 58
1721276699082 0.0069984132 59
1721276699463 0.006945169 60
1721276699853 0.006920374 61
1721276700246 0.006856686 62
1721276700626 0.006799204 63
1721276701101 0.0067448067 0
1721276701483 0.0067053037 1
1721276701873 0.006664422 2
1721276702262 0.0066112466 3
1721276702651 0.006691095 4
1721276703070 0.0066383374 5
1721276703474 0.006523722 6
1721276703867 0.0065056975 7
1721276704319 0.006408724 8
1721276704727 0.0063542635 9
1721276705106 0.0063511264 10
1721276705518 0.006271384 11
1721276705923 0.006237587 12
1721276706321 0.0061980747 13
1721276706713 0.0062001916 14
1721276707115 0.0061059147 15
1721276707558 0.0060867397 16
1721276707991 0.006077206 17
1721276708483 0.00599975 18
1721276708971 0.005957197 19
1721276709448 0.005950829 20
1721276709895 0.005879546 21
1721276710355 0.0058388025 22
1721276710810 0.005799804 23
1721276711226 0.005862761 24
1721276711691 0.00575312 25
1721276712121 0.0057809856 26
1721276712564 0.005668242 27
1721276712977 0.00564333 28
1721276713372 0.005607334 29
1721276713773 0.0055730757 30
1721276714155 0.005533022 31
1721276714546 0.005507485 32
1721276714938 0.0054574376 33
1721276715328 0.005472047 34
1721276715747 0.0054588066 35
1721276716173 0.0054527647 36
1721276716573 0.0053353864 37
1721276716969 0.005409676 38
1721276717367 0.0052760965 39
1721276717774 0.0052450774 40
1721276718166 0.0052142674 41
1721276718581 0.005175604 42
1721276718985 0.0051729097 43
1721276719372 0.0051171803 44
1721276719773 0.005138007 45
1721276720171 0.005080599 46
1721276720542 0.005037549 47
1721276720926 0.005050265 48
1721276721312 0.0049977936 49
1721276721696 0.004953843 50
1721276722079 0.0049555553 51
1721276722494 0.004895102 52
1721276722870 0.004906628 53
1721276723260 0.004837138 54
1721276723642 0.0048455796 55
1721276724049 0.004796192 56
1721276724430 0.0047680675 57
1721276724810 0.0047395523 58
1721276725190 0.004703703 59
1721276725644 0.004706422 60
1721276726037 0.0046441914 61
1721276726442 0.004622881 62
1721276726856 0.004609904 63
1721276727331 0.0045887795 0
1721276727705 0.0045658895 1
1721276728096 0.004539721 2
1721276728499 0.004504999 3
1721276728889 0.0045025274 4
1721276729272 0.004470958 5
1721276729652 0.0044287015 6
1721276730039 0.0044707106 7
1721276730459 0.0044840337 8
1721276730855 0.004431338 9
1721276731261 0.004340352 10
1721276731662 0.004401862 11
1721276732050 0.0043544224 12
1721276732452 0.0042667193 13
1721276732837 0.0042909253 14
1721276733252 0.0042493865 15
1721276733682 0.0042639454 16
1721276734076 0.004209345 17
1721276734481 0.004165343 18
1721276734889 0.004156255 19
1721276735297 0.0041255443 20
1721276735700 0.0041085244 21
1721276736089 0.0040803496 22
1721276736500 0.0041119484 23
1721276736895 0.0040719253 24
1721276737291 0.004055293 25
1721276737745 0.004003628 26
1721276738155 0.0039814864 27
1721276738544 0.0039644125 28
1721276738944 0.00405904 29
1721276739371 0.0039211963 30
1721276739757 0.003893571 31
1721276740142 0.0039132875 32
1721276740540 0.0039246785 33
1721276741005 0.0038521488 34
1721276741459 0.0038475173 35
1721276741896 0.0038508482 36
1721276742291 0.0038728528 37
1721276742677 0.0037758932 38
1721276743065 0.0037547138 39
1721276743455 0.0037360096 40
1721276743881 0.0037109922 41
1721276744365 0.0037737514 42
1721276744840 0.0036923797 43
1721276745315 0.00366757 44
1721276745712 0.003693642 45
1721276746087 0.0036292123 46
1721276746470 0.0036171218 47
1721276746852 0.0035963582 48
1721276747230 0.0035833642 49
1721276747611 0.00357661 50
1721276747990 0.0035374642 51
1721276748373 0.003579033 52
1721276748771 0.0035423855 53
1721276749177 0.0034821914 54
1721276749573 0.0034550226 55
1721276749987 0.0034534172 56
1721276750412 0.003516487 57
1721276750833 0.0034343398 58
1721276751267 0.0033997337 59
1721276751675 0.003379624 60
1721276752071 0.0033626573 61
1721276752568 0.0033454366 62
1721276752989 0.0033329267 63
1721276753504 0.0033023006 0
1721276753921 0.0033294996 1
1721276754333 0.0032817717 2
1721276754781 0.0032620993 3
1721276755239 0.0032539743 4
1721276755696 0.003354112 5
1721276756109 0.0032355136 6
1721276756500 0.0032275165 7
1721276756877 0.003177061 8
1721276757247 0.0031614117 9
1721276757637 0.0031780817 10
1721276758015 0.0031371806 11
1721276758393 0.0031155737 12
1721276758768 0.0031097268 13
1721276759145 0.0030942676 14
1721276759525 0.0030742309 15
1721276759903 0.003065032 16
1721276760280 0.00306444 17
1721276760663 0.0030802127 18
1721276761045 0.003019949 19
1721276761427 0.0030671426 20
1721276761807 0.0030007919 21
1721276762185 0.0029835429 22
1721276762591 0.0029655972 23
1721276762973 0.0029835543 24
1721276763372 0.002970834 25
1721276763791 0.0029242737 26
1721276764179 0.002910575 27
1721276764563 0.0029179773 28
1721276764941 0.0028840387 29
1721276765318 0.0029085933 30
1721276765691 0.002885795 31
1721276766070 0.0028480596 32
1721276766460 0.0028469549 33
1721276766843 0.0028215256 34
1721276767222 0.002841754 35
1721276767601 0.002804261 36
1721276767979 0.0027966597 37
1721276768358 0.0027790596 38
1721276768739 0.0027710665 39
1721276769120 0.002755317 40
1721276769524 0.0027508503 41
1721276769904 0.0027170472 42
1721276770285 0.0027056013 43
1721276770659 0.0027132712 44
1721276771032 0.0026946638 45
1721276771402 0.0026747612 46
1721276771781 0.0026761757 47
1721276772162 0.0026728678 48
1721276772547 0.0026378501 49
1721276772923 0.002629175 50
1721276773298 0.0026169894 51
1721276773673 0.0026144185 52
1721276774051 0.0026264703 53
1721276774430 0.0025785235 54
1721276774805 0.0025689113 55
1721276775182 0.0025566204 56
1721276775561 0.0025478802 57
1721276775941 0.002532637 58
1721276776330 0.0025366717 59
1721276776718 0.0025166464 60
1721276777093 0.002515594 61
1721276777468 0.002493731 62
1721276777853 0.0024831893 63
1721276778327 0.0024780917 0
1721276778700 0.0024622984 1
1721276779081 0.0024491986 2
1721276779464 0.002437414 3
1721276779847 0.0024347112 4
1721276780223 0.0024256185 5
1721276780596 0.0024098344 6
1721276780968 0.002410447 7
1721276781356 0.0023938343 8
1721276781752 0.0023794468 9
1721276782144 0.0023789126 10
1721276782526 0.0023652408 11
1721276782916 0.0023885458 12
1721276783295 0.002346003 13
1721276783695 0.0023388974 14
1721276784087 0.0023226032 15
1721276784557 0.0023185469 16
1721276784931 0.002311285 17
1721276785302 0.0023079035 18
1721276785688 0.0022849455 19
1721276786078 0.002299944 20
1721276786454 0.0022673307 21
1721276786832 0.0022611937 22
1721276787206 0.0022665332 23
1721276787587 0.0022421435 24
1721276787984 0.0022486295 25
1721276788369 0.0022249836 26
1721276788756 0.002240324 27
1721276789156 0.002222191 28
1721276789544 0.0021944663 29
1721276789933 0.0021865892 30
1721276790313 0.0021852357 31
1721276790691 0.0021766082 32
1721276791065 0.002172604 33
1721276791456 0.0021575869 34
1721276791843 0.0021657639 35
1721276792223 0.0021388251 36
1721276792600 0.002150112 37
1721276792989 0.002125692 38
1721276793416 0.0021076305 39
1721276793818 0.0021093679 40
1721276794223 0.0021311117 41
1721276794606 0.0021075194 42
1721276794994 0.002093321 43
1721276795387 0.0020718717 44
1721276795770 0.0020653736 45
1721276796201 0.002076693 46
1721276796656 0.00204475 47
1721276797056 0.0020395017 48
1721276797488 0.0020305384 49
1721276797913 0.0020205446 50
1721276798299 0.0021377846 51
1721276798726 0.0020329698 52
1721276799153 0.0019977211 53
1721276799546 0.001992162 54
1721276799949 0.0020414712 55
1721276800358 0.0019755876 56
1721276800772 0.001987204 57
1721276801176 0.0019635456 58
1721276801577 0.0019623386 59
1721276801995 0.0019620915 60
1721276802448 0.0019388336 61
1721276802855 0.0019274324 62
1721276803244 0.0019190351 63
1721276803710 0.0019696339 0
1721276804099 0.0019138914 1
1721276804488 0.001904913 2
1721276804889 0.0018983759 3
1721276805297 0.0019990325 4
1721276805723 0.0019551017 5
1721276806145 0.0018752204 6
1721276806556 0.001867806 7
1721276806960 0.0018621387 8
1721276807367 0.0018575224 9
1721276807784 0.0019170449 10
1721276808198 0.0018523716 11
1721276808601 0.0018661069 12
1721276808999 0.0018294692 13
1721276809411 0.0018261529 14
1721276809830 0.0018161174 15
1721276810315 0.0018230025 16
1721276810740 0.0018001866 17
1721276811150 0.0017987407 18
1721276811558 0.0017922325 19
1721276811955 0.0017807337 20
1721276812392 0.0017706678 21
1721276812864 0.0018005022 22
1721276813352 0.0017658566 23
1721276813770 0.0017645772 24
1721276814178 0.0017506907 25
1721276814596 0.0017467417 26
1721276815024 0.0017354607 27
1721276815427 0.0017318544 28
1721276815824 0.0017449085 29
1721276816223 0.0017149458 30
1721276816626 0.0017106517 31
1721276817048 0.0017024792 32
1721276817443 0.0017053622 33
1721276817818 0.0016985808 34
1721276818193 0.0016965283 35
1721276818621 0.001684478 36
1721276819010 0.001674726 37
1721276819379 0.0016789644 38
1721276819750 0.0016855383 39
1721276820137 0.0016623249 40
1721276820579 0.0016519845 41
1721276820991 0.0016457037 42
1721276821396 0.0016459844 43
1721276821832 0.0016337666 44
1721276822273 0.0016529043 45
1721276822701 0.0016319964 46
1721276823097 0.0016258057 47
1721276823542 0.001621287 48
1721276824013 0.0016106437 49
1721276824438 0.001620445 50
1721276824845 0.0016050794 51
1721276825329 0.0015928757 52
1721276825725 0.0015855582 53
1721276826149 0.001595064 54
1721276826618 0.0015804766 55
1721276827077 0.0015710944 56
1721276827462 0.0015782657 57
1721276827854 0.0015619862 58
1721276828251 0.0015581859 59
1721276828661 0.0015816046 60
1721276829065 0.0015461852 61
1721276829474 0.0015458944 62
1721276829861 0.0015442251 63
1721276830375 0.0015582911 0
1721276830815 0.0015245014 1
1721276831212 0.001519798 2
1721276831626 0.0015201006 3
1721276832003 0.0015221012 4
1721276832413 0.0015078002 5
1721276832804 0.0015044675 6
1721276833207 0.0014945631 7
1721276833598 0.0014986217 8
1721276833976 0.0014976971 9
1721276834353 0.0014867507 10
1721276834763 0.0014753571 11
1721276835221 0.001481202 12
1721276835638 0.0015083458 13
1721276836044 0.0014617977 14
1721276836444 0.0014642902 15
1721276836894 0.0014590482 16
1721276837311 0.0014484115 17
1721276837692 0.0014476497 18
1721276838093 0.001462372 19
1721276838499 0.0014372653 20
1721276838917 0.0014441139 21
1721276839332 0.001426979 22
1721276839719 0.0014330958 23
1721276840100 0.0014183783 24
1721276840479 0.0014135826 25
1721276840880 0.0014220859 26
1721276841285 0.0014053913 27
1721276841717 0.001411276 28
1721276842130 0.0013994434 29
1721276842573 0.0013900612 30
1721276843015 0.001390438 31
1721276843450 0.0013839861 32
1721276843849 0.0013895057 33
1721276844248 0.0013754162 34
1721276844664 0.0013693474 35
1721276845069 0.001375321 36
1721276845492 0.0013672923 37
1721276845881 0.0013662784 38
1721276846298 0.0013600113 39
1721276846808 0.0013561484 40
1721276847294 0.0013553395 41
1721276847722 0.0013407209 42
1721276848135 0.0013441202 43
1721276848601 0.0013353401 44
1721276849010 0.0013303933 45
1721276849432 0.0013282993 46
1721276849820 0.0013380744 47
1721276850231 0.0013176881 48
1721276850625 0.0013196468 49
1721276851016 0.0013516736 50
1721276851441 0.0013098068 51
1721276851838 0.0013026386 52
1721276852237 0.0013031822 53
1721276852639 0.0013080444 54
1721276853041 0.0012982673 55
1721276853448 0.0012896127 56
1721276853866 0.0012882676 57
1721276854264 0.0012876925 58
1721276854645 0.0012784187 59
1721276855049 0.0012947334 60
1721276855461 0.0012661923 61
1721276855884 0.0012693636 62
1721276856288 0.0012837634 63
1721276856766 0.0012551878 0
1721276857194 0.0012613942 1
1721276857601 0.0012499253 2
1721276857996 0.0012523793 3
1721276858427 0.0012533217 4
1721276858829 0.0012404814 5
1721276859252 0.0012374999 6
1721276859683 0.0012333068 7
1721276860090 0.0012505983 8
1721276860479 0.0012380271 9
1721276860880 0.001222347 10
1721276861281 0.0012181938 11
1721276861690 0.0012130577 12
1721276862098 0.0012194669 13
1721276862497 0.0012386023 14
1721276862897 0.0012029045 15
1721276863291 0.001206183 16
1721276863684 0.0012051946 17
1721276864093 0.0011986753 18
1721276864509 0.0011927526 19
1721276864934 0.0011879564 20
1721276865345 0.0011983265 21
1721276865752 0.0011814091 22
1721276866157 0.0011740109 23
1721276866626 0.0011848303 24
1721276867029 0.0011946079 25
1721276867424 0.0011661865 26
1721276867820 0.0011643907 27
1721276868233 0.0011623448 28
1721276868656 0.0011551176 29
1721276869059 0.0011769006 30
1721276869460 0.0011689921 31
1721276869865 0.0011499608 32
1721276870273 0.0011738543 33
1721276870671 0.0011426108 34
1721276871085 0.0011354069 35
1721276871498 0.0011513269 36
1721276871905 0.0011349281 37
1721276872331 0.0011277908 38
1721276872757 0.0011261462 39
1721276873174 0.0011346393 40
1721276873600 0.0011197032 41
1721276874017 0.001116456 42
1721276874437 0.0011145363 43
1721276874847 0.001125798 44
1721276875312 0.0011278766 45
1721276875712 0.001103212 46
1721276876161 0.0011039072 47
1721276876590 0.0011091016 48
1721276877067 0.0011016388 49
1721276877517 0.0011015229 50
1721276877963 0.0010949072 51
1721276878440 0.0010847994 52
1721276878890 0.0010906316 53
1721276879332 0.0010798026 54
1721276879753 0.0010816943 55
1721276880188 0.0010738168 56
1721276880651 0.0010750848 57
1721276881087 0.0010700385 58
1721276881531 0.0010660287 59
1721276881975 0.0010613815 60
1721276882449 0.0010684974 61
1721276882903 0.0010656615 62
1721276883370 0.0010550016 63
