1721276629134 1.3863087 0
1721276629662 1.3866308 1
1721276630058 1.3887044 2
1721276630405 1.3894675 3
1721276630763 1.3859508 4
1721276631094 1.3833072 5
1721276631421 1.3838056 6
1721276631755 1.3847682 7
1721276632090 1.3882524 8
1721276632435 1.388412 9
1721276632783 1.390649 10
1721276633127 1.3908145 11
1721276633457 1.3878965 12
1721276633792 1.3869236 13
1721276634128 1.3869364 14
1721276634472 1.3868939 15
1721276634808 1.38715 16
1721276635145 1.3865417 17
1721276635485 1.3860455 18
1721276635826 1.3869851 19
1721276636168 1.3874049 20
1721276636513 1.3868659 21
1721276636858 1.3882654 22
1721276637204 1.3926256 23
1721276637554 1.3942853 24
1721276637902 1.3942254 25
1721276638286 1.3929718 26
1721276638651 1.391009 27
1721276639032 1.3886496 28
1721276639387 1.3869798 29
1721276639759 1.3855078 30
1721276640131 1.3845048 31
1721276640536 1.383892 32
1721276640936 1.3849146 33
1721276641304 1.3861742 34
1721276641666 1.3869156 35
1721276642044 1.3873769 36
1721276642433 1.3871166 37
1721276642875 1.3887453 38
1721276643288 1.3903725 39
1721276643676 1.3901963 40
1721276644051 1.3903108 41
1721276644440 1.3904045 42
1721276644868 1.3917685 43
1721276645319 1.3928136 44
1721276645701 1.391201 45
1721276646084 1.3903226 46
1721276646462 1.3895943 47
1721276646825 1.3881803 48
1721276647202 1.3867713 49
1721276647549 1.3858163 50
1721276647905 1.3855164 51
1721276648271 1.3855795 52
1721276648624 1.3863161 53
1721276648986 1.387182 54
1721276649368 1.3882817 55
1721276649740 1.3878856 56
1721276650096 1.3864169 57
1721276650477 1.3856964 58
1721276650845 1.3855212 59
1721276651200 1.3853598 60
1721276651573 1.3849205 61
1721276651961 1.3866057 62
1721276652327 1.3880041 63
1721276652793 1.3900356 0
1721276653162 1.3917375 1
1721276653541 1.3934281 2
1721276653909 1.3937447 3
1721276654271 1.3924544 4
1721276654624 1.3916079 5
1721276654985 1.389859 6
1721276655351 1.3881004 7
1721276655707 1.3864739 8
1721276656063 1.3854951 9
1721276656419 1.3850791 10
1721276656771 1.3852327 11
1721276657134 1.3858227 12
1721276657490 1.3859837 13
1721276657843 1.3858211 14
1721276658190 1.3857429 15
1721276658555 1.3856568 16
1721276658917 1.3853688 17
1721276659271 1.3854556 18
1721276659623 1.3858922 19
1721276659973 1.3852577 20
1721276660330 1.3859444 21
1721276660677 1.3871057 22
1721276661022 1.3878813 23
1721276661373 1.3914168 24
1721276661723 1.3917031 25
1721276662099 1.3899472 26
1721276662501 1.3877287 27
1721276662916 1.3859084 28
1721276663318 1.3841236 29
1721276663680 1.3830303 30
1721276664026 1.382992 31
1721276664398 1.3841345 32
1721276664753 1.3855447 33
1721276665112 1.3857118 34
1721276665475 1.3862488 35
1721276665993 1.3869663 36
1721276666358 1.3878326 37
1721276666719 1.3885986 38
1721276667069 1.3892306 39
1721276667421 1.3899057 40
1721276667790 1.3904357 41
1721276668152 1.3912432 42
1721276668501 1.3911422 43
1721276668849 1.3909549 44
1721276669208 1.3901253 45
1721276669559 1.3894416 46
1721276669906 1.3884666 47
1721276670255 1.3876338 48
1721276670617 1.3872395 49
1721276670991 1.3868343 50
1721276671386 1.3867153 51
1721276671802 1.3863164 52
1721276672255 1.3869586 53
1721276672715 1.3875704 54
1721276673177 1.3876768 55
1721276673652 1.3875732 56
1721276674072 1.3865228 57
1721276674482 1.3861352 58
1721276674877 1.3862332 59
1721276675286 1.3863163 60
1721276675682 1.3870018 61
1721276676096 1.3876522 62
1721276676475 1.3882937 63
1721276676952 1.3887137 0
1721276677317 1.3888215 1
1721276677679 1.3889148 2
1721276678030 1.388489 3
1721276678430 1.3879808 4
1721276678809 1.3869281 5
1721276679180 1.3859588 6
1721276679531 1.3853371 7
1721276679897 1.384893 8
1721276680259 1.3848579 9
1721276680660 1.385071 10
1721276681040 1.385221 11
1721276681415 1.3859575 12
1721276681792 1.3868645 13
1721276682161 1.387283 14
1721276682514 1.3880016 15
1721276682865 1.388833 16
1721276683210 1.3888397 17
1721276683559 1.3886346 18
1721276683922 1.3885331 19
1721276684278 1.388339 20
1721276684635 1.388345 21
1721276685012 1.3885018 22
1721276685382 1.3894217 23
1721276685740 1.3902946 24
1721276686090 1.3908772 25
1721276686437 1.3900573 26
1721276686826 1.3886343 27
1721276687248 1.3873386 28
1721276687659 1.386586 29
1721276688044 1.3865552 30
1721276688410 1.3871737 31
1721276688786 1.3876077 32
1721276689141 1.3873725 33
1721276689490 1.3871802 34
1721276689890 1.3872736 35
1721276690291 1.3871917 36
1721276690741 1.3873715 37
1721276691178 1.3873396 38
1721276691627 1.3875275 39
1721276692064 1.3875449 40
1721276692481 1.3873863 41
1721276692881 1.3870673 42
1721276693286 1.3866384 43
1721276693669 1.3861449 44
1721276694028 1.3857455 45
1721276694387 1.3853974 46
1721276694741 1.3848671 47
1721276695088 1.38468 48
1721276695462 1.3847029 49
1721276695822 1.3852209 50
1721276696165 1.3855602 51
1721276696512 1.3860645 52
1721276696866 1.3865881 53
1721276697228 1.3871202 54
1721276697596 1.3873774 55
1721276697963 1.3878883 56
1721276698325 1.3885401 57
1721276698684 1.3895209 58
1721276699076 1.3898369 59
1721276699457 1.389161 60
1721276699840 1.3888252 61
1721276700240 1.3879144 62
1721276700620 1.3876384 63
1721276701096 1.3870633 0
1721276701477 1.3866868 1
1721276701867 1.3867335 2
1721276702255 1.38694 3
1721276702646 1.3870502 4
1721276703064 1.3870069 5
1721276703468 1.3866307 6
1721276703861 1.3863554 7
1721276704312 1.3858722 8
1721276704721 1.3855059 9
1721276705100 1.3852375 10
1721276705512 1.3848543 11
1721276705918 1.3846827 12
1721276706315 1.38485 13
1721276706708 1.385253 14
1721276707107 1.3856795 15
1721276707552 1.3868033 16
1721276707984 1.3875992 17
1721276708476 1.3877956 18
1721276708964 1.3883758 19
1721276709441 1.3882508 20
1721276709888 1.3880789 21
1721276710347 1.3879831 22
1721276710803 1.3875418 23
1721276711220 1.3872156 24
1721276711684 1.3869332 25
1721276712114 1.38639 26
1721276712558 1.3861282 27
1721276712971 1.3861997 28
1721276713366 1.3869001 29
1721276713767 1.387101 30
1721276714150 1.3871241 31
1721276714540 1.3872203 32
1721276714932 1.3866656 33
1721276715322 1.385859 34
1721276715741 1.3857412 35
1721276716166 1.3865768 36
1721276716567 1.3876874 37
1721276716963 1.3875939 38
1721276717361 1.3863484 39
1721276717768 1.3854594 40
1721276718161 1.3845711 41
1721276718574 1.3850925 42
1721276718979 1.3874546 43
1721276719366 1.3887365 44
1721276719766 1.388896 45
1721276720165 1.3890781 46
1721276720537 1.3887792 47
1721276720920 1.3884008 48
1721276721306 1.3879373 49
1721276721690 1.3874497 50
1721276722074 1.3871837 51
1721276722488 1.3869839 52
1721276722863 1.3867116 53
1721276723254 1.3863888 54
1721276723637 1.3861141 55
1721276724044 1.3861828 56
1721276724425 1.3866212 57
1721276724804 1.3867319 58
1721276725185 1.3869767 59
1721276725638 1.3868668 60
1721276726031 1.3865905 61
1721276726436 1.3864528 62
1721276726850 1.3862548 63
1721276727326 1.3859875 0
1721276727699 1.3860229 1
1721276728090 1.3860514 2
1721276728493 1.3863235 3
1721276728883 1.3865252 4
1721276729266 1.3868977 5
1721276729647 1.3871937 6
1721276730034 1.3876486 7
1721276730453 1.3881063 8
1721276730849 1.3885584 9
1721276731253 1.3888736 10
1721276731656 1.388967 11
1721276732044 1.3890581 12
1721276732446 1.3888364 13
1721276732832 1.3884866 14
1721276733245 1.3881589 15
1721276733677 1.3878319 16
1721276734070 1.3877416 17
1721276734475 1.3876061 18
1721276734883 1.3875418 19
1721276735289 1.38735 20
1721276735695 1.3871686 21
1721276736083 1.3868997 22
1721276736494 1.38667 23
1721276736889 1.3865334 24
1721276737284 1.3864088 25
1721276737739 1.3863491 26
1721276738149 1.3861815 27
1721276738537 1.3861066 28
1721276738938 1.3860593 29
1721276739360 1.3860148 30
1721276739751 1.3860147 31
1721276740137 1.3858719 32
1721276740534 1.385814 33
1721276740999 1.3858073 34
1721276741453 1.3858142 35
1721276741890 1.3860674 36
1721276742285 1.3863039 37
1721276742671 1.3863745 38
1721276743059 1.3862469 39
1721276743449 1.3857512 40
1721276743874 1.3854811 41
1721276744358 1.384839 42
1721276744834 1.3841678 43
1721276745309 1.3837173 44
1721276745706 1.3836346 45
1721276746082 1.3838961 46
1721276746464 1.3834786 47
1721276746847 1.3818957 48
1721276747224 1.3811004 49
1721276747605 1.3807626 50
1721276747984 1.38089 51
1721276748367 1.38288 52
1721276748765 1.3842734 53
1721276749170 1.3866897 54
1721276749567 1.3892455 55
1721276749980 1.3908508 56
1721276750406 1.3912914 57
1721276750828 1.390847 58
1721276751261 1.3895069 59
1721276751669 1.3887501 60
1721276752063 1.3877633 61
1721276752562 1.3872159 62
1721276752982 1.3875171 63
1721276753498 1.3871288 0
1721276753915 1.3870835 1
1721276754327 1.3869176 2
1721276754775 1.3863146 3
1721276755232 1.3851128 4
1721276755690 1.3853099 5
1721276756102 1.3845315 6
1721276756494 1.3852506 7
1721276756872 1.3859705 8
1721276757241 1.3859922 9
1721276757632 1.3854485 10
1721276758010 1.3847406 11
1721276758388 1.3844178 12
1721276758763 1.3845187 13
1721276759140 1.38479 14
1721276759520 1.3846519 15
1721276759897 1.3842456 16
1721276760275 1.3841438 17
1721276760658 1.3840544 18
1721276761039 1.383975 19
1721276761421 1.3837061 20
1721276761801 1.3842262 21
1721276762179 1.3843764 22
1721276762584 1.3858598 23
1721276762967 1.3867563 24
1721276763363 1.3869677 25
1721276763784 1.3869965 26
1721276764173 1.3869979 27
1721276764557 1.3870256 28
1721276764935 1.386812 29
1721276765313 1.3861494 30
1721276765685 1.3858821 31
1721276766064 1.3857495 32
1721276766454 1.3874785 33
1721276766837 1.3883941 34
1721276767216 1.3874319 35
1721276767595 1.387439 36
1721276767973 1.3868217 37
1721276768352 1.3860986 38
1721276768733 1.3859231 39
1721276769115 1.3857985 40
1721276769518 1.3856221 41
1721276769898 1.385809 42
1721276770279 1.3858258 43
1721276770653 1.3861859 44
1721276771026 1.3867218 45
1721276771397 1.3873045 46
1721276771776 1.387476 47
1721276772157 1.3879387 48
1721276772541 1.3879935 49
1721276772917 1.3883207 50
1721276773292 1.3889987 51
1721276773667 1.3884261 52
1721276774046 1.3879473 53
1721276774425 1.387528 54
1721276774799 1.3897604 55
1721276775176 1.3899367 56
1721276775555 1.3894053 57
1721276775935 1.3885026 58
1721276776324 1.3874485 59
1721276776713 1.3866305 60
1721276777088 1.386373 61
1721276777462 1.3858366 62
1721276777847 1.3851384 63
1721276778322 1.3849335 0
1721276778694 1.3848977 1
1721276779076 1.3849831 2
1721276779459 1.3851814 3
1721276779841 1.3848004 4
1721276780217 1.3848264 5
1721276780590 1.3846977 6
1721276780963 1.3849225 7
1721276781350 1.3848696 8
1721276781746 1.3844901 9
1721276782138 1.385175 10
1721276782521 1.3856142 11
1721276782910 1.3872792 12
1721276783289 1.388284 13
1721276783689 1.3886702 14
1721276784082 1.3880651 15
1721276784552 1.3885367 16
1721276784925 1.3881128 17
1721276785297 1.3881594 18
1721276785682 1.3887987 19
1721276786072 1.3887748 20
1721276786449 1.3885524 21
1721276786826 1.3889015 22
1721276787200 1.388628 23
1721276787581 1.3881882 24
1721276787979 1.387918 25
1721276788363 1.3875372 26
1721276788750 1.3867757 27
1721276789150 1.3866155 28
1721276789538 1.3859452 29
1721276789927 1.3855119 30
1721276790308 1.384805 31
1721276790685 1.38467 32
1721276791060 1.3855369 33
1721276791450 1.3859618 34
1721276791837 1.3860008 35
1721276792218 1.385684 36
1721276792594 1.3829406 37
1721276792983 1.3828119 38
1721276793409 1.3805933 39
1721276793812 1.3783939 40
1721276794218 1.3886462 41
1721276794601 1.4017982 42
1721276794988 1.3961372 43
1721276795382 1.3884153 44
1721276795765 1.3872099 45
1721276796194 1.3859167 46
1721276796650 1.3851705 47
1721276797051 1.3848174 48
1721276797481 1.3847876 49
1721276797908 1.3844298 50
1721276798293 1.3844441 51
1721276798719 1.3836312 52
1721276799147 1.3826375 53
1721276799540 1.3814323 54
1721276799943 1.3813095 55
1721276800351 1.3811231 56
1721276800766 1.381978 57
1721276801171 1.3827286 58
1721276801571 1.3839171 59
1721276801989 1.3849539 60
1721276802441 1.3863397 61
1721276802848 1.3884354 62
1721276803238 1.3910567 63
1721276803705 1.3948717 0
1721276804093 1.3962411 1
1721276804482 1.3955852 2
1721276804883 1.3945501 3
1721276805290 1.3942759 4
1721276805716 1.3932686 5
1721276806139 1.391858 6
1721276806550 1.391165 7
1721276806954 1.3908558 8
1721276807360 1.3901912 9
1721276807778 1.3900596 10
1721276808192 1.3890928 11
1721276808595 1.3889318 12
1721276808992 1.3883898 13
1721276809404 1.387807 14
1721276809822 1.3873942 15
1721276810309 1.3869767 16
1721276810734 1.3866713 17
1721276811144 1.3861762 18
1721276811552 1.3856602 19
1721276811949 1.385292 20
1721276812384 1.3852228 21
1721276812857 1.384963 22
1721276813344 1.3848991 23
1721276813765 1.3853078 24
1721276814172 1.3854547 25
1721276814586 1.3859603 26
1721276815019 1.3857598 27
1721276815421 1.3862281 28
1721276815818 1.3862467 29
1721276816218 1.3865099 30
1721276816619 1.3868897 31
1721276817042 1.3875651 32
1721276817438 1.3881643 33
1721276817812 1.3886887 34
1721276818187 1.3894374 35
1721276818615 1.3896308 36
1721276819005 1.389578 37
1721276819373 1.3895897 38
1721276819745 1.3892444 39
1721276820131 1.3883599 40
1721276820573 1.3878901 41
1721276820984 1.3872304 42
1721276821386 1.3866017 43
1721276821822 1.386102 44
1721276822266 1.3856541 45
1721276822693 1.3853393 46
1721276823091 1.384923 47
1721276823536 1.3849394 48
1721276824007 1.3845909 49
1721276824432 1.3844314 50
1721276824837 1.3845676 51
1721276825323 1.3847381 52
1721276825719 1.385179 53
1721276826142 1.3857255 54
1721276826612 1.3867073 55
1721276827071 1.387425 56
1721276827456 1.3881166 57
1721276827849 1.3886685 58
1721276828246 1.3887308 59
1721276828654 1.3890765 60
1721276829058 1.3888284 61
1721276829468 1.3883728 62
1721276829855 1.3882768 63
1721276830370 1.387934 0
1721276830809 1.38779 1
1721276831205 1.387791 2
1721276831620 1.3876216 3
1721276831998 1.3873458 4
1721276832406 1.3873233 5
1721276832799 1.3872313 6
1721276833201 1.3869779 7
1721276833592 1.3869157 8
1721276833970 1.386682 9
1721276834347 1.3865988 10
1721276834756 1.3863833 11
1721276835216 1.3861578 12
1721276835632 1.3859679 13
1721276836038 1.386053 14
1721276836438 1.3858564 15
1721276836887 1.3859801 16
1721276837305 1.3861089 17
1721276837686 1.3860333 18
1721276838087 1.3861198 19
1721276838492 1.386243 20
1721276838911 1.3865061 21
1721276839326 1.3867733 22
1721276839713 1.3870634 23
1721276840095 1.387311 24
1721276840472 1.3874636 25
1721276840874 1.3875291 26
1721276841279 1.3874365 27
1721276841711 1.387306 28
1721276842124 1.3870957 29
1721276842567 1.3869143 30
1721276843008 1.3868432 31
1721276843444 1.3867369 32
1721276843843 1.3868079 33
1721276844242 1.3870281 34
1721276844658 1.3870761 35
1721276845061 1.387016 36
1721276845486 1.3871162 37
1721276845875 1.3871622 38
1721276846290 1.3867583 39
1721276846801 1.3866329 40
1721276847288 1.3864372 41
1721276847716 1.3863034 42
1721276848128 1.3863903 43
1721276848595 1.3863113 44
1721276849004 1.3863527 45
1721276849426 1.3863945 46
1721276849813 1.3866526 47
1721276850226 1.3868241 48
1721276850620 1.3871374 49
1721276851011 1.3873008 50
1721276851435 1.3874644 51
1721276851831 1.3875504 52
1721276852231 1.3875647 53
1721276852633 1.3875649 54
1721276853036 1.387434 55
1721276853441 1.3874359 56
1721276853859 1.3872927 57
1721276854258 1.3871799 58
1721276854639 1.387001 59
1721276855043 1.3868252 60
1721276855455 1.3866886 61
1721276855877 1.3865325 62
1721276856282 1.3863289 63
1721276856761 1.3861988 0
1721276857188 1.3861709 1
1721276857595 1.38623 2
1721276857990 1.3861332 3
1721276858421 1.3862511 4
1721276858824 1.3861718 5
1721276859246 1.3862109 6
1721276859677 1.3862138 7
1721276860084 1.3862718 8
1721276860473 1.3864026 9
1721276860874 1.3864906 10
1721276861275 1.386518 11
1721276861684 1.386528 12
1721276862092 1.3866444 13
1721276862490 1.3866932 14
1721276862891 1.3865799 15
1721276863284 1.3865155 16
1721276863678 1.3864822 17
1721276864087 1.3863956 18
1721276864503 1.3862629 19
1721276864927 1.3861992 20
1721276865339 1.386076 21
1721276865746 1.3860021 22
1721276866144 1.3860509 23
1721276866620 1.3860939 24
1721276867023 1.3862581 25
1721276867418 1.3864143 26
1721276867814 1.3864512 27
1721276868227 1.3864739 28
1721276868650 1.3864233 29
1721276869052 1.3863703 30
1721276869454 1.3864459 31
1721276869859 1.386415 32
1721276870267 1.3865256 33
1721276870665 1.3865486 34
1721276871079 1.3866681 35
1721276871492 1.386703 36
1721276871899 1.3867328 37
1721276872325 1.3866293 38
1721276872751 1.3865781 39
1721276873168 1.3864666 40
1721276873594 1.3864286 41
1721276874011 1.3863053 42
1721276874431 1.3862891 43
1721276874840 1.386259 44
1721276875306 1.3862574 45
1721276875705 1.3862606 46
1721276876153 1.386281 47
1721276876584 1.386302 48
1721276877059 1.386339 49
1721276877511 1.3862768 50
1721276877956 1.3863256 51
1721276878434 1.3862138 52
1721276878884 1.3861694 53
1721276879326 1.3860726 54
1721276879746 1.3861606 55
1721276880181 1.3861818 56
1721276880645 1.3863196 57
1721276881081 1.38656 58
1721276881525 1.386594 59
1721276881968 1.3866696 60
1721276882443 1.3868327 61
1721276882897 1.386791 62
1721276883363 1.3868835 63
