1721276629138 1.1188852 0
1721276629664 1.1323904 1
1721276630060 1.118078 2
1721276630408 1.131484 3
1721276630765 1.1338568 4
1721276631096 1.1387502 5
1721276631423 1.1195736 6
1721276631757 1.1101846 7
1721276632092 1.1028626 8
1721276632437 1.1348919 9
1721276632786 1.1450891 10
1721276633129 1.1636101 11
1721276633459 1.1820514 12
1721276633795 1.1897676 13
1721276634130 1.1905559 14
1721276634475 1.1702573 15
1721276634810 1.1523058 16
1721276635147 1.1370819 17
1721276635488 1.1388377 18
1721276635829 1.1530027 19
1721276636171 1.1832211 20
1721276636516 1.221531 21
1721276636861 1.2295916 22
1721276637207 1.1977133 23
1721276637556 1.1658344 24
1721276637905 1.1323326 25
1721276638291 1.1105269 26
1721276638653 1.1126385 27
1721276639035 1.126607 28
1721276639390 1.1364346 29
1721276639762 1.1472504 30
1721276640134 1.165603 31
1721276640538 1.1828849 32
1721276640939 1.1868273 33
1721276641307 1.175842 34
1721276641668 1.1717725 35
1721276642047 1.181407 36
1721276642436 1.19356 37
1721276642879 1.1985993 38
1721276643291 1.1975614 39
1721276643679 1.2023816 40
1721276644054 1.2051752 41
1721276644443 1.1993427 42
1721276644871 1.1862342 43
1721276645322 1.1716068 44
1721276645704 1.1627678 45
1721276646087 1.1500134 46
1721276646465 1.1493056 47
1721276646828 1.1569054 48
1721276647205 1.1784593 49
1721276647551 1.2041001 50
1721276647908 1.227442 51
1721276648274 1.2502952 52
1721276648627 1.2674718 53
1721276648989 1.2804852 54
1721276649371 1.290977 55
1721276649743 1.3039055 56
1721276650099 1.320409 57
1721276650480 1.337298 58
1721276650848 1.3513333 59
1721276651203 1.3620234 60
1721276651576 1.3800001 61
1721276651964 1.3824785 62
1721276652330 1.3683226 63
1721276652796 1.3306402 0
1721276653165 1.2767632 1
1721276653544 1.2178695 2
1721276653912 1.1631457 3
1721276654274 1.1076823 4
1721276654627 1.0723205 5
1721276654988 1.0716075 6
1721276655354 1.0932574 7
1721276655709 1.1319804 8
1721276656066 1.172297 9
1721276656422 1.2073288 10
1721276656774 1.2358701 11
1721276657137 1.2625227 12
1721276657493 1.2838835 13
1721276657846 1.3012936 14
1721276658192 1.3062322 15
1721276658558 1.3038061 16
1721276658920 1.3037742 17
1721276659274 1.2953354 18
1721276659626 1.2888999 19
1721276659975 1.2924159 20
1721276660333 1.2936187 21
1721276660679 1.2741212 22
1721276661025 1.2536504 23
1721276661376 1.2105118 24
1721276661725 1.1762865 25
1721276662102 1.1466076 26
1721276662504 1.139144 27
1721276662919 1.1403979 28
1721276663321 1.1547446 29
1721276663683 1.1767695 30
1721276664029 1.198024 31
1721276664407 1.2179496 32
1721276664756 1.225873 33
1721276665115 1.2283547 34
1721276665478 1.2286747 35
1721276665996 1.2281163 36
1721276666361 1.2228658 37
1721276666723 1.2114444 38
1721276667072 1.1995208 39
1721276667423 1.1902568 40
1721276667793 1.1808653 41
1721276668155 1.165459 42
1721276668503 1.1543188 43
1721276668851 1.1433535 44
1721276669211 1.1365637 45
1721276669561 1.1404114 46
1721276669909 1.1491572 47
1721276670258 1.1538184 48
1721276670620 1.1548922 49
1721276670994 1.1548281 50
1721276671389 1.1598662 51
1721276671809 1.1646793 52
1721276672260 1.1598909 53
1721276672720 1.159092 54
1721276673180 1.1619843 55
1721276673655 1.1597776 56
1721276674074 1.1634667 57
1721276674486 1.1693618 58
1721276674881 1.1688771 59
1721276675289 1.1651725 60
1721276675685 1.1521592 61
1721276676099 1.1344898 62
1721276676478 1.1151621 63
1721276676955 1.0947075 0
1721276677319 1.0813615 1
1721276677682 1.0687865 2
1721276678033 1.0629292 3
1721276678433 1.0687747 4
1721276678812 1.0850103 5
1721276679183 1.1003106 6
1721276679534 1.1162477 7
1721276679900 1.1342702 8
1721276680262 1.1482233 9
1721276680663 1.1601067 10
1721276681043 1.1695077 11
1721276681417 1.1726283 12
1721276681795 1.1675193 13
1721276682164 1.1628318 14
1721276682516 1.1519405 15
1721276682868 1.1372284 16
1721276683213 1.122683 17
1721276683562 1.1114359 18
1721276683925 1.1047231 19
1721276684281 1.0901257 20
1721276684638 1.0812242 21
1721276685016 1.076849 22
1721276685386 1.0727236 23
1721276685743 1.0669166 24
1721276686093 1.0561655 25
1721276686439 1.050691 26
1721276686829 1.0624245 27
1721276687252 1.0782987 28
1721276687662 1.0965178 29
1721276688047 1.1105287 30
1721276688413 1.1239558 31
1721276688789 1.1294446 32
1721276689144 1.1357678 33
1721276689492 1.137223 34
1721276689893 1.1371828 35
1721276690294 1.1363343 36
1721276690744 1.1256175 37
1721276691182 1.1136556 38
1721276691633 1.1012353 39
1721276692067 1.0881212 40
1721276692484 1.07896 41
1721276692884 1.0725262 42
1721276693289 1.069767 43
1721276693672 1.0706296 44
1721276694030 1.0770228 45
1721276694390 1.0817783 46
1721276694743 1.0875237 47
1721276695091 1.0981296 48
1721276695465 1.1031559 49
1721276695825 1.106456 50
1721276696168 1.1108664 51
1721276696515 1.1098533 52
1721276696868 1.1057912 53
1721276697231 1.1021562 54
1721276697599 1.0957087 55
1721276697966 1.0873492 56
1721276698328 1.0804791 57
1721276698687 1.075254 58
1721276699079 1.0711911 59
1721276699460 1.069123 60
1721276699851 1.0695915 61
1721276700243 1.0745437 62
1721276700623 1.0720735 63
1721276701099 1.0732875 0
1721276701480 1.0742252 1
1721276701870 1.0757635 2
1721276702258 1.074919 3
1721276702649 1.0734572 4
1721276703067 1.0738001 5
1721276703471 1.0788163 6
1721276703864 1.084729 7
1721276704315 1.0949699 8
1721276704724 1.1020089 9
1721276705103 1.1092165 10
1721276705515 1.1150569 11
1721276705921 1.1245008 12
1721276706318 1.128943 13
1721276706711 1.1307602 14
1721276707112 1.1335213 15
1721276707555 1.1276337 16
1721276707987 1.1171684 17
1721276708479 1.1051522 18
1721276708967 1.0884657 19
1721276709445 1.0731152 20
1721276709892 1.0570629 21
1721276710351 1.0420942 22
1721276710807 1.036269 23
1721276711223 1.029676 24
1721276711688 1.0312496 25
1721276712118 1.0406075 26
1721276712561 1.0511636 27
1721276712974 1.0600045 28
1721276713369 1.0544844 29
1721276713770 1.0530891 30
1721276714153 1.0546763 31
1721276714543 1.05613 32
1721276714935 1.0644779 33
1721276715325 1.0806124 34
1721276715744 1.0975859 35
1721276716170 1.1017284 36
1721276716570 1.0965397 37
1721276716966 1.0855317 38
1721276717364 1.0877888 39
1721276717771 1.0992194 40
1721276718164 1.1180156 41
1721276718578 1.1278605 42
1721276718982 1.1141646 43
1721276719369 1.0988418 44
1721276719770 1.0856278 45
1721276720168 1.0764097 46
1721276720540 1.0695503 47
1721276720924 1.0694594 48
1721276721309 1.0741223 49
1721276721693 1.0790784 50
1721276722077 1.0880286 51
1721276722491 1.0952537 52
1721276722867 1.1048489 53
1721276723257 1.1153868 54
1721276723640 1.1237593 55
1721276724047 1.1324527 56
1721276724428 1.1357701 57
1721276724807 1.1359937 58
1721276725188 1.1336194 59
1721276725641 1.1280975 60
1721276726034 1.1246474 61
1721276726439 1.1230137 62
1721276726853 1.1224349 63
1721276727328 1.1242862 0
1721276727702 1.125144 1
1721276728093 1.1275469 2
1721276728496 1.1261476 3
1721276728886 1.1229277 4
1721276729269 1.1170996 5
1721276729650 1.1087089 6
1721276730037 1.0950884 7
1721276730457 1.0747087 8
1721276730852 1.0514956 9
1721276731257 1.0285168 10
1721276731659 1.0003104 11
1721276732047 0.97468257 12
1721276732449 0.96124446 13
1721276732835 0.96070254 14
1721276733249 0.9668202 15
1721276733680 0.9735904 16
1721276734074 0.97837865 17
1721276734478 0.97985053 18
1721276734886 0.9817173 19
1721276735294 0.98245037 20
1721276735698 0.98242 21
1721276736086 0.9871604 22
1721276736497 0.9938565 23
1721276736892 0.99987704 24
1721276737288 1.0037414 25
1721276737742 1.0058055 26
1721276738152 1.012107 27
1721276738540 1.0169864 28
1721276738942 1.0159949 29
1721276739368 1.0206826 30
1721276739755 1.0206943 31
1721276740140 1.0201542 32
1721276740538 1.0192093 33
1721276741003 1.0217141 34
1721276741456 1.0190482 35
1721276741893 1.0131823 36
1721276742288 1.0091282 37
1721276742674 1.0034405 38
1721276743062 0.9965133 39
1721276743452 0.9961164 40
1721276743878 0.9978984 41
1721276744361 1.0091455 42
1721276744837 1.0290308 43
1721276745312 1.0551975 44
1721276745709 1.0771177 45
1721276746085 1.0968215 46
1721276746467 1.123678 47
1721276746850 1.1609716 48
1721276747227 1.191648 49
1721276747608 1.2227361 50
1721276747987 1.2570655 51
1721276748370 1.2689134 52
1721276748769 1.2742248 53
1721276749173 1.2677522 54
1721276749570 1.2490957 55
1721276749984 1.226233 56
1721276750409 1.202158 57
1721276750831 1.1844819 58
1721276751264 1.1694009 59
1721276751672 1.1508535 60
1721276752066 1.1428596 61
1721276752565 1.1445082 62
1721276752986 1.1421746 63
1721276753501 1.1463273 0
1721276753918 1.1451075 1
1721276754330 1.1441662 2
1721276754779 1.1487958 3
1721276755235 1.1608622 4
1721276755693 1.161453 5
1721276756106 1.169353 6
1721276756498 1.1779071 7
1721276756875 1.1726215 8
1721276757244 1.163552 9
1721276757635 1.1559335 10
1721276758013 1.1599422 11
1721276758391 1.1635535 12
1721276758766 1.1603909 13
1721276759143 1.1674645 14
1721276759523 1.181534 15
1721276759900 1.1817528 16
1721276760278 1.1876063 17
1721276760661 1.2056122 18
1721276761042 1.2110028 19
1721276761424 1.2212863 20
1721276761804 1.2324984 21
1721276762182 1.2393653 22
1721276762588 1.2352166 23
1721276762970 1.2309377 24
1721276763369 1.2322993 25
1721276763788 1.2319369 26
1721276764176 1.2312236 27
1721276764560 1.2384307 28
1721276764938 1.2424502 29
1721276765316 1.250793 30
1721276765688 1.2634823 31
1721276766067 1.2738893 32
1721276766457 1.2647905 33
1721276766840 1.2558022 34
1721276767219 1.2462041 35
1721276767598 1.2300136 36
1721276767977 1.2188866 37
1721276768355 1.2140065 38
1721276768736 1.2076695 39
1721276769118 1.2015932 40
1721276769521 1.197546 41
1721276769901 1.1927221 42
1721276770282 1.1865963 43
1721276770656 1.1748468 44
1721276771029 1.1669385 45
1721276771401 1.1550434 46
1721276771779 1.1416285 47
1721276772160 1.1251965 48
1721276772544 1.1171489 49
1721276772920 1.1127198 50
1721276773295 1.098616 51
1721276773671 1.1001022 52
1721276774049 1.1045991 53
1721276774428 1.1091424 54
1721276774802 1.0939403 55
1721276775179 1.0778944 56
1721276775559 1.0629425 57
1721276775938 1.0556971 58
1721276776327 1.0662115 59
1721276776716 1.0857103 60
1721276777091 1.0989814 61
1721276777465 1.1134667 62
1721276777850 1.1326641 63
1721276778325 1.1456991 0
1721276778697 1.1600006 1
1721276779079 1.1734626 2
1721276779461 1.1857789 3
1721276779844 1.1947496 4
1721276780221 1.2006335 5
1721276780593 1.2048547 6
1721276780966 1.2055765 7
1721276781353 1.2104994 8
1721276781749 1.2164502 9
1721276782141 1.2146745 10
1721276782524 1.2133923 11
1721276782913 1.2019265 12
1721276783292 1.1814089 13
1721276783692 1.1638774 14
1721276784085 1.1563352 15
1721276784555 1.1391805 16
1721276784928 1.130179 17
1721276785300 1.1227074 18
1721276785685 1.1076059 19
1721276786075 1.0944765 20
1721276786452 1.0824537 21
1721276786829 1.0681103 22
1721276787203 1.0567275 23
1721276787584 1.052941 24
1721276787982 1.0537641 25
1721276788366 1.0552471 26
1721276788754 1.0703554 27
1721276789153 1.0838333 28
1721276789541 1.1007977 29
1721276789930 1.1211076 30
1721276790311 1.1451676 31
1721276790688 1.1674554 32
1721276791063 1.1866174 33
1721276791454 1.2051644 34
1721276791840 1.2238123 35
1721276792221 1.2413471 36
1721276792597 1.2777574 37
1721276792986 1.3049631 38
1721276793413 1.3592172 39
1721276793815 1.4195806 40
1721276794221 1.4020925 41
1721276794604 1.3802025 42
1721276794991 1.3849627 43
1721276795385 1.3494657 44
1721276795768 1.3046418 45
1721276796198 1.2937859 46
1721276796653 1.280628 47
1721276797054 1.2678167 48
1721276797485 1.2540729 49
1721276797911 1.2431955 50
1721276798296 1.2329829 51
1721276798723 1.2359948 52
1721276799150 1.2389071 53
1721276799543 1.2503991 54
1721276799946 1.2524526 55
1721276800355 1.2821656 56
1721276800769 1.3036895 57
1721276801174 1.3188033 58
1721276801574 1.3102043 59
1721276801992 1.310269 60
1721276802445 1.3133694 61
1721276802852 1.3096263 62
1721276803241 1.2891788 63
1721276803708 1.2597239 0
1721276804096 1.2407651 1
1721276804485 1.2068787 2
1721276804886 1.1821822 3
1721276805294 1.1582705 4
1721276805720 1.1400388 5
1721276806142 1.1276567 6
1721276806553 1.1109035 7
1721276806957 1.0995996 8
1721276807364 1.0954063 9
1721276807781 1.0945065 10
1721276808195 1.0923479 11
1721276808598 1.0966959 12
1721276808996 1.1024065 13
1721276809408 1.1082541 14
1721276809826 1.1175928 15
1721276810312 1.1298327 16
1721276810737 1.1391381 17
1721276811147 1.1502662 18
1721276811555 1.1642196 19
1721276811952 1.1768532 20
1721276812387 1.1842697 21
1721276812861 1.1953739 22
1721276813349 1.2007656 23
1721276813768 1.2027411 24
1721276814175 1.2048249 25
1721276814591 1.2020653 26
1721276815022 1.2039928 27
1721276815424 1.2004825 28
1721276815821 1.2004411 29
1721276816220 1.1950071 30
1721276816623 1.1915951 31
1721276817045 1.182652 32
1721276817440 1.1706127 33
1721276817815 1.1541126 34
1721276818191 1.1308438 35
1721276818618 1.1098973 36
1721276819008 1.0864533 37
1721276819376 1.062187 38
1721276819748 1.041871 39
1721276820134 1.028226 40
1721276820576 1.015773 41
1721276820988 1.0115013 42
1721276821391 1.0106448 43
1721276821827 1.0133706 44
1721276822270 1.0212729 45
1721276822698 1.0315762 46
1721276823094 1.0440841 47
1721276823539 1.053179 48
1721276824010 1.0651962 49
1721276824435 1.0771182 50
1721276824842 1.0882728 51
1721276825326 1.096002 52
1721276825722 1.1013201 53
1721276826146 1.1035987 54
1721276826615 1.0990249 55
1721276827074 1.090234 56
1721276827459 1.0764925 57
1721276827852 1.0611777 58
1721276828249 1.0471244 59
1721276828658 1.0296875 60
1721276829062 1.0151365 61
1721276829471 1.0072805 62
1721276829859 0.9975591 63
1721276830373 0.9884752 0
1721276830812 0.9814763 1
1721276831209 0.9728733 2
1721276831623 0.9658543 3
1721276832001 0.9629847 4
1721276832410 0.9605027 5
1721276832802 0.96133107 6
1721276833204 0.9613056 7
1721276833595 0.9625957 8
1721276833973 0.964435 9
1721276834351 0.9674235 10
1721276834760 0.9731189 11
1721276835219 0.97881806 12
1721276835635 0.9843679 13
1721276836041 0.98745936 14
1721276836441 0.99343824 15
1721276836890 0.99613583 16
1721276837308 0.9981034 17
1721276837689 0.99952537 18
1721276838090 1.0007944 19
1721276838496 1.0023832 20
1721276838915 1.0043397 21
1721276839329 1.0036492 22
1721276839716 0.99944293 23
1721276840098 0.99325895 24
1721276840475 0.986793 25
1721276840878 0.9798116 26
1721276841282 0.9720007 27
1721276841714 0.9648377 28
1721276842127 0.960305 29
1721276842570 0.9564897 30
1721276843012 0.9550048 31
1721276843447 0.9534184 32
1721276843846 0.95127594 33
1721276844245 0.948396 34
1721276844661 0.94534546 35
1721276845064 0.943115 36
1721276845489 0.93906754 37
1721276845878 0.9339662 38
1721276846294 0.9327039 39
1721276846805 0.93306875 40
1721276847292 0.93667936 41
1721276847719 0.94233215 42
1721276848132 0.948339 43
1721276848598 0.9560628 44
1721276849007 0.9628573 45
1721276849429 0.96789885 46
1721276849817 0.9732518 47
1721276850228 0.9737231 48
1721276850623 0.9724864 49
1721276851014 0.96948576 50
1721276851438 0.96288323 51
1721276851835 0.95449895 52
1721276852234 0.946502 53
1721276852636 0.93695617 54
1721276853039 0.92757624 55
1721276853445 0.92029023 56
1721276853863 0.91363394 57
1721276854261 0.91093034 58
1721276854642 0.908481 59
1721276855046 0.9036934 60
1721276855458 0.9021367 61
1721276855881 0.904469 62
1721276856286 0.90680826 63
1721276856764 0.9105912 0
1721276857191 0.91438895 1
1721276857598 0.9183835 2
1721276857993 0.9219829 3
1721276858424 0.9236696 4
1721276858827 0.92628723 5
1721276859249 0.9287671 6
1721276859680 0.9319197 7
1721276860087 0.93321615 8
1721276860476 0.92908466 9
1721276860877 0.92502224 10
1721276861278 0.92306024 11
1721276861687 0.92172164 12
1721276862095 0.91662717 13
1721276862493 0.910554 14
1721276862894 0.9049317 15
1721276863288 0.9002267 16
1721276863681 0.8986816 17
1721276864090 0.8953507 18
1721276864506 0.8940363 19
1721276864931 0.89585984 20
1721276865342 0.89833087 21
1721276865750 0.90148264 22
1721276866154 0.90469235 23
1721276866623 0.906037 24
1721276867027 0.90711045 25
1721276867421 0.9066469 26
1721276867817 0.9043855 27
1721276868230 0.90199995 28
1721276868654 0.9005875 29
1721276869056 0.90075624 30
1721276869458 0.9006402 31
1721276869862 0.9000037 32
1721276870270 0.9018898 33
1721276870668 0.8993007 34
1721276871082 0.8953137 35
1721276871495 0.8916245 36
1721276871903 0.88913697 37
1721276872329 0.8849244 38
1721276872755 0.8820127 39
1721276873172 0.8811772 40
1721276873597 0.88068086 41
1721276874014 0.8819267 42
1721276874434 0.8828372 43
1721276874844 0.88316023 44
1721276875309 0.88408184 45
1721276875709 0.88481057 46
1721276876158 0.8858936 47
1721276876588 0.8874124 48
1721276877064 0.88631827 49
1721276877515 0.8896375 50
1721276877960 0.8893083 51
1721276878437 0.88950264 52
1721276878887 0.89111364 53
1721276879330 0.89342177 54
1721276879749 0.8952825 55
1721276880185 0.9004883 56
1721276880649 0.9034439 57
1721276881084 0.9037086 58
1721276881528 0.9042301 59
1721276881972 0.90364575 60
1721276882446 0.90094995 61
1721276882900 0.8994265 62
1721276883367 0.8948686 63
