1721203261700 0.65898126 0
1721203262141 0.60640395 1
1721203262455 0.5578536 2
1721203262770 0.510484 3
1721203263082 0.46765405 4
1721203263394 0.42755634 5
1721203263708 0.39110464 6
1721203264019 0.35851997 7
1721203264332 0.32801947 8
1721203264659 0.30069292 9
1721203264984 0.27744433 10
1721203265310 0.2559548 11
1721203265641 0.236167 12
1721203265977 0.21886472 13
1721203266315 0.20365039 14
1721203266658 0.19016495 15
1721203266977 0.17952038 16
1721203267297 0.16638064 17
1721203267613 0.15663143 18
1721203267953 0.1471408 19
1721203268292 0.13792692 20
1721203268638 0.13029495 21
1721203268969 0.12336587 22
1721203269300 0.117367566 23
1721203269634 0.11210754 24
1721203269962 0.10697232 25
1721203270314 0.10191748 26
1721203270645 0.098166876 27
1721203270980 0.09428385 28
1721203271310 0.091117986 29
1721203271649 0.0877172 30
1721203271983 0.08429657 31
1721203272317 0.082265906 32
1721203272653 0.07778416 33
1721203272989 0.07456357 34
1721203273327 0.07266033 35
1721203273664 0.07237989 36
1721203274004 0.06784737 37
1721203274342 0.066369765 38
1721203274683 0.06341861 39
1721203275038 0.061505947 40
1721203275399 0.0603402 41
1721203275745 0.058872648 42
1721203276092 0.056383293 43
1721203276437 0.05406615 44
1721203276781 0.05350476 45
1721203277127 0.051668435 46
1721203277507 0.051000897 47
1721203277868 0.049215153 48
1721203278222 0.04761473 49
1721203278572 0.0476149 50
1721203278920 0.045634218 51
1721203279270 0.045106623 52
1721203279625 0.044487864 53
1721203279988 0.04357102 54
1721203280354 0.042162944 55
1721203280712 0.04266531 56
1721203281072 0.041280285 57
1721203281448 0.039789323 58
1721203281850 0.038672198 59
1721203282225 0.03894508 60
1721203282591 0.038311556 61
1721203282948 0.038442817 62
1721203283305 0.036220532 63
1721203283738 0.035611484 0
1721203284092 0.03506681 1
1721203284453 0.036528207 2
1721203284807 0.034274235 3
1721203285161 0.033162925 4
1721203285513 0.033027448 5
1721203285869 0.03309595 6
1721203286225 0.031542692 7
1721203286743 0.031839225 8
1721203287505 0.032244552 9
1721203288186 0.030777434 10
1721203288899 0.03048335 11
1721203289631 0.030036757 12
1721203290353 0.029011436 13
1721203291039 0.028969532 14
1721203291780 0.029210191 15
1721203292442 0.027489632 16
1721203293127 0.027562834 17
1721203293881 0.02722239 18
1721203294606 0.027077284 19
1721203295309 0.026308695 20
1721203296007 0.027001202 21
1721203296690 0.025854893 22
1721203297365 0.025117526 23
1721203298040 0.024913782 24
1721203298699 0.024650712 25
1721203299398 0.024211617 26
1721203300071 0.023925712 27
1721203300792 0.023538498 28
1721203301515 0.02372146 29
1721203302234 0.02310205 30
1721203302954 0.023003854 31
1721203303628 0.02321377 32
1721203304307 0.022390408 33
1721203305011 0.02202198 34
1721203305699 0.021433476 35
1721203306699 0.021663377 36
1721203307362 0.021070166 37
1721203308026 0.021143649 38
1721203308691 0.020740712 39
1721203309301 0.020395804 40
1721203309897 0.020799033 41
1721203310506 0.020557672 42
1721203311118 0.01984563 43
1721203311828 0.019636987 44
1721203312466 0.019377239 45
1721203313071 0.019364372 46
1721203313743 0.01894949 47
1721203314377 0.018419247 48
1721203315044 0.018348664 49
1721203315687 0.01829419 50
1721203316338 0.01839867 51
1721203316999 0.017711306 52
1721203317698 0.017316066 53
1721203318349 0.017184602 54
1721203318966 0.017028963 55
1721203319632 0.017489381 56
1721203320241 0.017117865 57
1721203320884 0.017070195 58
1721203321595 0.017003218 59
1721203322253 0.016181143 60
1721203322892 0.016022125 61
1721203323563 0.015911395 62
1721203324230 0.015732545 63
1721203325112 0.015542459 0
1721203325751 0.015366499 1
1721203326382 0.015526069 2
1721203327021 0.015677897 3
1721203327664 0.014891166 4
1721203328289 0.014963171 5
1721203328948 0.014930288 6
1721203329533 0.014960585 7
1721203330155 0.014727786 8
1721203330812 0.014131396 9
1721203331496 0.014086103 10
1721203332149 0.014080208 11
1721203332798 0.014406941 12
1721203333442 0.013884923 13
1721203334112 0.013693048 14
1721203334756 0.013628211 15
1721203335460 0.013381486 16
1721203336168 0.013098385 17
1721203336898 0.01338414 18
1721203337547 0.013259187 19
1721203338241 0.013467075 20
1721203338941 0.01294491 21
1721203339602 0.012396172 22
1721203340307 0.012341769 23
1721203341025 0.012189216 24
1721203341685 0.012109731 25
1721203342364 0.011911813 26
1721203343030 0.01221988 27
1721203343715 0.012239888 28
1721203344380 0.011934072 29
1721203345056 0.011546732 30
1721203345734 0.012050605 31
1721203346407 0.0115446625 32
1721203347028 0.011365256 33
1721203347793 0.011181038 34
1721203348521 0.011409836 35
1721203349188 0.011343396 36
1721203349827 0.010995923 37
1721203350532 0.010799386 38
1721203351181 0.011082228 39
1721203351868 0.011059253 40
1721203352513 0.010631764 41
1721203353173 0.010694765 42
1721203353811 0.010602228 43
1721203354483 0.010459217 44
1721203355158 0.0103005655 45
1721203355807 0.010251085 46
1721203356445 0.010366826 47
1721203357172 0.010314266 48
1721203357784 0.010122925 49
1721203358451 0.010257216 50
1721203359105 0.009826535 51
1721203359802 0.009857658 52
1721203360469 0.009903514 53
1721203361164 0.009809922 54
1721203361842 0.00957411 55
1721203362551 0.009551686 56
1721203363221 0.009585591 57
1721203363877 0.009357175 58
1721203364573 0.009798583 59
1721203365268 0.009268631 60
1721203365931 0.009127938 61
1721203366576 0.009057338 62
1721203367223 0.0089740595 63
1721203368092 0.008927994 0
1721203368736 0.009119997 1
1721203369413 0.00883525 2
1721203370047 0.009033626 3
1721203370715 0.008827379 4
1721203371420 0.008882024 5
1721203372094 0.008639555 6
1721203372790 0.008646971 7
1721203373572 0.008670743 8
1721203374201 0.008468018 9
1721203374829 0.008593693 10
1721203375474 0.008368568 11
1721203376142 0.008267006 12
1721203376758 0.0084024165 13
1721203377392 0.008350184 14
1721203378085 0.008238525 15
1721203378775 0.008286391 16
1721203379459 0.008145576 17
1721203380102 0.008043649 18
1721203380752 0.0081961155 19
1721203381487 0.007894086 20
1721203382187 0.007813079 21
1721203382846 0.007813717 22
1721203383532 0.007839339 23
1721203384251 0.007657261 24
1721203384957 0.0076886304 25
1721203385627 0.00781026 26
1721203386341 0.0075856694 27
1721203387013 0.00757126 28
1721203387674 0.0075234016 29
1721203388292 0.007554587 30
1721203388970 0.007438233 31
1721203389623 0.0073795966 32
1721203390262 0.0073734676 33
1721203390931 0.0073127514 34
1721203391581 0.0073811673 35
1721203392267 0.007131783 36
1721203392919 0.0071011214 37
1721203393550 0.007096308 38
1721203394167 0.007183041 39
1721203394774 0.0071991454 40
1721203395401 0.0070115915 41
1721203396009 0.006871327 42
1721203396588 0.006989701 43
1721203397252 0.006865229 44
1721203397933 0.006935531 45
1721203398561 0.006821553 46
1721203399206 0.006729529 47
1721203399830 0.006753023 48
1721203400540 0.0066480287 49
1721203401188 0.006626807 50
1721203401882 0.0067777317 51
1721203402521 0.006555599 52
1721203403192 0.006464606 53
1721203403844 0.0066090464 54
1721203404476 0.006519244 55
1721203405135 0.0063494565 56
1721203405822 0.0063301693 57
1721203406454 0.006328747 58
1721203407092 0.0062917816 59
1721203407717 0.0067465566 60
1721203408390 0.00622353 61
1721203409022 0.0061699296 62
1721203409607 0.006393713 63
1721203410476 0.006304994 0
1721203411126 0.006045634 1
1721203411785 0.0060199425 2
1721203412471 0.0059810905 3
1721203413096 0.006138296 4
1721203413759 0.0060164523 5
1721203414447 0.005991414 6
1721203415099 0.0058780336 7
1721203415738 0.005851305 8
1721203416408 0.00584761 9
1721203417063 0.005921828 10
1721203417760 0.0060079577 11
1721203418440 0.005724784 12
1721203419088 0.005773079 13
1721203419743 0.0057800924 14
1721203420419 0.0056634923 15
1721203421053 0.0058795055 16
1721203421699 0.005618771 17
1721203422345 0.0055743163 18
1721203422997 0.0057078786 19
1721203423701 0.005477874 20
1721203424410 0.005466569 21
1721203425094 0.005541828 22
1721203425776 0.005394268 23
1721203426391 0.005439823 24
1721203427058 0.005356039 25
1721203427600 0.005310034 26
1721203428213 0.005432192 27
1721203428843 0.005530465 28
1721203429475 0.005228373 29
1721203430047 0.005239494 30
1721203430608 0.00527099 31
1721203431209 0.005173026 32
1721203431834 0.0051641506 33
1721203432451 0.0052143647 34
1721203433105 0.005130723 35
1721203433739 0.0052112313 36
1721203434318 0.005061972 37
1721203434908 0.0050350544 38
1721203435531 0.004978182 39
1721203436134 0.005062569 40
1721203436795 0.00498939 41
1721203437446 0.0050763795 42
1721203438112 0.0048887185 43
1721203438834 0.004922356 44
1721203439446 0.0048315097 45
1721203440074 0.0048952326 46
1721203440712 0.0047869547 47
1721203441393 0.004857653 48
1721203442099 0.0047716177 49
1721203442766 0.0047134412 50
1721203443436 0.0048501184 51
1721203444111 0.004864354 52
1721203444804 0.00466873 53
1721203445518 0.004667406 54
1721203446197 0.004862736 55
1721203446865 0.0046469616 56
1721203447548 0.004653413 57
1721203448266 0.0045750747 58
1721203448950 0.0046152016 59
1721203449633 0.0046910336 60
1721203450334 0.0045874864 61
1721203451028 0.0044834916 62
1721203451738 0.0044861976 63
1721203452588 0.004435199 0
1721203453275 0.0044178707 1
1721203453916 0.0043916698 2
1721203454549 0.004470376 3
1721203455219 0.004357047 4
1721203455908 0.0043920474 5
1721203456618 0.0043056635 6
1721203457308 0.004298869 7
1721203457981 0.004362354 8
1721203458646 0.0042416845 9
1721203459299 0.004363597 10
1721203459987 0.0042884345 11
1721203460668 0.0042127147 12
1721203461340 0.0042287665 13
1721203462016 0.004173674 14
1721203462682 0.0041524665 15
1721203463353 0.004177893 16
1721203464023 0.0042264187 17
1721203464699 0.0041681337 18
1721203465402 0.004080888 19
1721203466075 0.004052496 20
1721203466728 0.0040647034 21
1721203467405 0.0040778546 22
1721203468059 0.004100964 23
1721203468720 0.0040789945 24
1721203469390 0.004044236 25
1721203470066 0.0042549204 26
1721203470748 0.0039379983 27
1721203471433 0.003949074 28
1721203472103 0.00397893 29
1721203472791 0.0038849988 30
1721203473458 0.003931974 31
1721203474120 0.003888447 32
1721203474824 0.0038821294 33
1721203475504 0.0038804894 34
1721203476228 0.0038276545 35
1721203476883 0.003934674 36
1721203477556 0.0038014308 37
1721203478210 0.0037945344 38
1721203478855 0.003964634 39
1721203479525 0.0037424397 40
1721203480186 0.0037347309 41
1721203480868 0.0037139326 42
1721203481565 0.003696308 43
1721203482251 0.0036872136 44
1721203482926 0.0036726159 45
1721203483610 0.003642224 46
1721203484275 0.0036382764 47
1721203484928 0.0036395804 48
1721203485593 0.003699803 49
1721203486250 0.003637113 50
1721203486935 0.0035833288 51
1721203487603 0.003573733 52
1721203488269 0.0035332032 53
1721203488947 0.0035313019 54
1721203489630 0.0036179118 55
1721203490316 0.0036129102 56
1721203490986 0.0034803115 57
1721203491648 0.0035810363 58
1721203492277 0.0034485543 59
1721203492950 0.0034920652 60
1721203493623 0.0034403142 61
1721203494294 0.0035183497 62
1721203494964 0.0033970124 63
1721203495802 0.0033977346 0
1721203496420 0.003386353 1
1721203497104 0.0033500195 2
1721203497796 0.0033574658 3
1721203498472 0.0033637283 4
1721203499157 0.0033169955 5
1721203499846 0.0033249762 6
1721203500513 0.0032815312 7
1721203501184 0.0033069418 8
1721203501887 0.003250871 9
1721203502566 0.0032791109 10
1721203503239 0.0033452644 11
1721203503956 0.0033797582 12
1721203504654 0.0032648805 13
1721203505373 0.0032016651 14
1721203506066 0.0032238353 15
1721203506860 0.0032483519 16
1721203507570 0.003209479 17
1721203508265 0.003227425 18
1721203508951 0.003249738 19
1721203509646 0.0032178157 20
1721203510348 0.003170555 21
1721203511064 0.0031268836 22
1721203511733 0.0030987025 23
1721203512418 0.0030804938 24
1721203513162 0.0030756493 25
1721203513866 0.003089935 26
1721203514559 0.0030689277 27
1721203515286 0.0031434079 28
1721203515975 0.0030961668 29
1721203516678 0.0030218745 30
1721203517409 0.0030439827 31
1721203518116 0.00304025 32
1721203518813 0.0029913192 33
1721203519512 0.0030420064 34
1721203520219 0.002968102 35
1721203520941 0.0029527857 36
1721203521659 0.002943977 37
1721203522363 0.0029924705 38
1721203523067 0.003010036 39
1721203523772 0.002898366 40
1721203524492 0.0028990638 41
1721203525244 0.0028950546 42
1721203525955 0.0029524388 43
1721203526640 0.0028605012 44
1721203527364 0.0028591454 45
1721203528077 0.0028775819 46
1721203528815 0.0029050547 47
1721203529508 0.0029084675 48
1721203530253 0.0028744899 49
1721203530943 0.0028933273 50
1721203531653 0.0027930911 51
1721203532354 0.00281241 52
1721203533065 0.0027793155 53
1721203533777 0.0028049913 54
1721203534577 0.0027661996 55
1721203535252 0.0027591842 56
1721203535914 0.0027503395 57
1721203536588 0.0027248198 58
1721203537229 0.0027128395 59
1721203537895 0.002718063 60
1721203538552 0.002748707 61
1721203539198 0.002776471 62
1721203539841 0.0026954112 63
1721203540660 0.0026645865 0
1721203541314 0.0027597242 1
1721203541994 0.0026708436 2
1721203542662 0.0027073105 3
1721203543354 0.0026430774 4
1721203544081 0.0026306384 5
1721203544758 0.0026243797 6
1721203545443 0.0026516535 7
1721203546135 0.0026018724 8
1721203546858 0.0025874872 9
1721203547549 0.0026046557 10
1721203548250 0.0026982005 11
1721203548932 0.0025931287 12
1721203549629 0.0025536986 13
1721203550337 0.002620271 14
1721203551025 0.002538262 15
1721203551740 0.00256023 16
1721203552416 0.0025243214 17
1721203553126 0.0025102687 18
1721203553842 0.0025120915 19
1721203554549 0.002496768 20
1721203555235 0.0024834531 21
1721203555976 0.0025485477 22
1721203556668 0.0024877659 23
1721203557380 0.0024567621 24
1721203558092 0.0024590068 25
1721203558775 0.0024858997 26
1721203559470 0.0024490757 27
1721203560182 0.0024236224 28
1721203560840 0.002452533 29
1721203561540 0.0025207598 30
1721203562212 0.0024427646 31
1721203562903 0.0023898447 32
1721203563569 0.0024689597 33
1721203564235 0.0023768137 34
1721203564942 0.0024297044 35
1721203565639 0.0024248755 36
1721203566324 0.0023533844 37
1721203567024 0.0023771157 38
1721203567698 0.0023513124 39
1721203568349 0.0023662148 40
1721203569016 0.0023536482 41
1721203569672 0.0023267984 42
1721203570356 0.0023453007 43
1721203571012 0.002311901 44
1721203571684 0.0022958303 45
1721203572337 0.0022902137 46
1721203573020 0.0022783643 47
1721203573668 0.0023074343 48
1721203574392 0.002378572 49
1721203575091 0.0022540933 50
1721203575770 0.002254308 51
1721203576525 0.0022585222 52
1721203577192 0.002234407 53
1721203577869 0.002223169 54
1721203578527 0.0022377567 55
1721203579196 0.0022513112 56
1721203579880 0.0022441503 57
1721203580555 0.002220435 58
1721203581217 0.0021960225 59
1721203581924 0.0022092788 60
1721203582602 0.0021771113 61
1721203583310 0.0022131812 62
1721203584018 0.0021661136 63
1721203584894 0.0021943047 0
1721203585614 0.0021744813 1
1721203586262 0.002160163 2
1721203586577 0.0021519451 3
1721203586881 0.0021302088 4
1721203587175 0.0021712303 5
1721203587469 0.0021209598 6
1721203587763 0.002113653 7
1721203588065 0.0021333366 8
1721203588362 0.0021221421 9
1721203588656 0.002092378 10
1721203588952 0.0021673732 11
1721203589247 0.0021085683 12
1721203589543 0.0020788463 13
1721203589846 0.002096206 14
1721203590153 0.0021632805 15
1721203590455 0.0020640169 16
1721203590761 0.0020895367 17
1721203591067 0.0020726465 18
1721203591380 0.0020415834 19
1721203591686 0.0020455155 20
1721203592000 0.002032933 21
1721203592314 0.0020195423 22
1721203592637 0.0020129136 23
1721203592945 0.0020130929 24
1721203593266 0.0020017338 25
1721203593581 0.0020578667 26
1721203593893 0.0019913649 27
1721203594205 0.0020133872 28
1721203594531 0.00197889 29
1721203594849 0.0019810246 30
1721203595171 0.0019696674 31
1721203595485 0.002002228 32
1721203595808 0.0019588019 33
1721203596128 0.0019482874 34
1721203596446 0.0019633444 35
1721203596763 0.0019380568 36
1721203597088 0.0019787736 37
1721203597416 0.0019279437 38
1721203597750 0.0019464993 39
1721203598074 0.0019229604 40
1721203598398 0.0019407456 41
1721203598720 0.0019458047 42
1721203599040 0.0018991141 43
1721203599364 0.0018936776 44
1721203599683 0.0019212354 45
1721203600004 0.0018920839 46
1721203600326 0.0018725574 47
1721203600651 0.001924307 48
1721203601013 0.0018649063 49
1721203601347 0.0018865078 50
1721203601677 0.001861834 51
1721203602004 0.0018467722 52
1721203602332 0.0018467417 53
1721203602661 0.0018417162 54
1721203602989 0.0018455321 55
1721203603325 0.0018300631 56
1721203603654 0.001822316 57
1721203603990 0.0018235059 58
1721203604323 0.0019204256 59
1721203604659 0.0018068588 60
1721203604994 0.0018467099 61
1721203605330 0.0018003546 62
1721203605665 0.0018449476 63
1721203606491 0.0017971608 0
1721203607134 0.0017859534 1
1721203607828 0.0018120413 2
1721203608453 0.001780961 3
1721203609111 0.0017659614 4
1721203609774 0.0017889312 5
1721203610448 0.0017536521 6
1721203611117 0.001808185 7
1721203611807 0.0017509353 8
1721203612452 0.0017482608 9
1721203613096 0.001768743 10
1721203613734 0.0017974107 11
1721203614369 0.0017530452 12
1721203614998 0.0017246517 13
1721203615670 0.001750952 14
1721203616352 0.0017147082 15
1721203616999 0.0017162526 16
1721203617668 0.0017043472 17
1721203618304 0.0016997126 18
1721203618912 0.0016994715 19
1721203619539 0.0016960496 20
1721203620218 0.0016838723 21
1721203620858 0.0016785177 22
1721203621470 0.0016747332 23
1721203621830 0.0017257718 24
1721203622144 0.0016705935 25
1721203622459 0.0017107732 26
1721203622781 0.0016970036 27
1721203623096 0.001691582 28
1721203623423 0.0016448061 29
1721203623754 0.0016868982 30
1721203624115 0.0016378675 31
1721203624486 0.0016515634 32
1721203624875 0.0016314704 33
1721203625252 0.0016573863 34
1721203625607 0.0016967154 35
1721203625937 0.0016177403 36
1721203626265 0.0016437309 37
1721203626636 0.001651285 38
1721203627023 0.0016506338 39
1721203627386 0.0016002575 40
1721203627749 0.0016176609 41
1721203628113 0.001597827 42
1721203628488 0.0016316769 43
1721203628861 0.0016413799 44
1721203629254 0.0015815852 45
1721203629640 0.0015855319 46
1721203630002 0.0015726496 47
1721203630358 0.0015672746 48
1721203630716 0.001565477 49
1721203631100 0.0015567938 50
1721203631489 0.0015657838 51
1721203631858 0.0015855675 52
1721203632200 0.0015751827 53
1721203632531 0.0015433393 54
1721203632860 0.0015907554 55
1721203633192 0.0015349693 56
1721203633527 0.0015330026 57
1721203633863 0.0015533944 58
1721203634212 0.0015271517 59
1721203634555 0.0015204058 60
1721203634892 0.0015632781 61
1721203635226 0.0015203699 62
1721203635565 0.001510638 63
