1721203261697 1.4040436 0
1721203262137 1.402245 1
1721203262451 1.3995516 2
1721203262766 1.3948865 3
1721203263078 1.3909824 4
1721203263390 1.3887193 5
1721203263704 1.3920974 6
1721203264015 1.3902485 7
1721203264328 1.3888905 8
1721203264656 1.3887086 9
1721203264979 1.3907883 10
1721203265306 1.390614 11
1721203265636 1.3913925 12
1721203265973 1.3923413 13
1721203266311 1.3932424 14
1721203266653 1.3932447 15
1721203266973 1.3924141 16
1721203267292 1.3905798 17
1721203267609 1.3893828 18
1721203267949 1.388371 19
1721203268287 1.38818 20
1721203268634 1.3885407 21
1721203268965 1.3889318 22
1721203269295 1.3888626 23
1721203269629 1.3882914 24
1721203269958 1.3880035 25
1721203270299 1.3883181 26
1721203270640 1.387692 27
1721203270975 1.38849 28
1721203271306 1.3894129 29
1721203271644 1.3871794 30
1721203271978 1.3860307 31
1721203272313 1.3858478 32
1721203272648 1.386995 33
1721203272984 1.3884411 34
1721203273322 1.3891594 35
1721203273659 1.3913634 36
1721203273999 1.3925018 37
1721203274337 1.3932835 38
1721203274679 1.3913946 39
1721203275034 1.3896291 40
1721203275394 1.387799 41
1721203275740 1.3863188 42
1721203276087 1.3858347 43
1721203276432 1.386432 44
1721203276777 1.3887231 45
1721203277123 1.391328 46
1721203277502 1.3927419 47
1721203277863 1.3931285 48
1721203278217 1.3933161 49
1721203278568 1.3922806 50
1721203278916 1.3907824 51
1721203279265 1.389138 52
1721203279620 1.387537 53
1721203279984 1.3864081 54
1721203280349 1.3857594 55
1721203280707 1.3852552 56
1721203281067 1.3860223 57
1721203281442 1.3872313 58
1721203281845 1.389091 59
1721203282220 1.3893416 60
1721203282586 1.38835 61
1721203282944 1.3872132 62
1721203283300 1.3853959 63
1721203283733 1.3853514 0
1721203284087 1.3860704 1
1721203284448 1.3877175 2
1721203284802 1.3899217 3
1721203285157 1.3902935 4
1721203285508 1.3887808 5
1721203285864 1.3877362 6
1721203286220 1.3879138 7
1721203286734 1.387399 8
1721203287496 1.3895743 9
1721203288176 1.3905132 10
1721203288890 1.3903714 11
1721203289622 1.3902144 12
1721203290343 1.3892076 13
1721203291029 1.3888847 14
1721203291770 1.3880086 15
1721203292432 1.3871804 16
1721203293118 1.3870373 17
1721203293871 1.3866785 18
1721203294597 1.3883799 19
1721203295297 1.3905323 20
1721203295995 1.3910077 21
1721203296681 1.3900687 22
1721203297356 1.3892992 23
1721203298030 1.3886316 24
1721203298690 1.3880416 25
1721203299388 1.3874111 26
1721203300061 1.3867296 27
1721203300782 1.3861495 28
1721203301504 1.3854463 29
1721203302222 1.3849926 30
1721203302945 1.3849449 31
1721203303617 1.385161 32
1721203304298 1.3857853 33
1721203304999 1.3860416 34
1721203305689 1.3862146 35
1721203306690 1.3862355 36
1721203307353 1.3863417 37
1721203308017 1.3862009 38
1721203308682 1.3862216 39
1721203309292 1.3860654 40
1721203309887 1.3857749 41
1721203310496 1.3860002 42
1721203311109 1.3864311 43
1721203311819 1.3875854 44
1721203312456 1.389045 45
1721203313061 1.3928788 46
1721203313734 1.3959446 47
1721203314368 1.3953896 48
1721203315035 1.393074 49
1721203315677 1.3908921 50
1721203316329 1.3889456 51
1721203316990 1.3878529 52
1721203317690 1.3878901 53
1721203318339 1.3878561 54
1721203318957 1.387481 55
1721203319623 1.386493 56
1721203320231 1.3855313 57
1721203320874 1.3847015 58
1721203321585 1.3861046 59
1721203322244 1.3870986 60
1721203322884 1.3872161 61
1721203323554 1.3872906 62
1721203324221 1.3871033 63
1721203325102 1.3874695 0
1721203325742 1.3877724 1
1721203326373 1.3881446 2
1721203327011 1.3879724 3
1721203327654 1.3877048 4
1721203328281 1.3878744 5
1721203328938 1.3881007 6
1721203329523 1.3885638 7
1721203330144 1.3891808 8
1721203330801 1.3893964 9
1721203331485 1.3887095 10
1721203332139 1.387717 11
1721203332788 1.3865795 12
1721203333433 1.3856912 13
1721203334103 1.384949 14
1721203334746 1.3843608 15
1721203335450 1.3842757 16
1721203336158 1.3841327 17
1721203336889 1.3841722 18
1721203337538 1.3846744 19
1721203338231 1.3849914 20
1721203338932 1.385956 21
1721203339592 1.386713 22
1721203340298 1.387077 23
1721203341016 1.3873826 24
1721203341675 1.3880932 25
1721203342354 1.3897421 26
1721203343018 1.3915011 27
1721203343706 1.3925514 28
1721203344372 1.3938307 29
1721203345047 1.3941498 30
1721203345725 1.3937234 31
1721203346397 1.3920705 32
1721203347018 1.3905709 33
1721203347782 1.3890728 34
1721203348510 1.3873742 35
1721203349178 1.3863821 36
1721203349818 1.3862941 37
1721203350523 1.386833 38
1721203351171 1.3868788 39
1721203351858 1.3872561 40
1721203352504 1.3870767 41
1721203353164 1.3861806 42
1721203353801 1.3851199 43
1721203354474 1.3840489 44
1721203355149 1.3832188 45
1721203355798 1.3825837 46
1721203356435 1.3823256 47
1721203357162 1.383533 48
1721203357774 1.3855004 49
1721203358442 1.3878652 50
1721203359095 1.3897988 51
1721203359793 1.3917229 52
1721203360460 1.3929219 53
1721203361155 1.3926573 54
1721203361833 1.3920093 55
1721203362540 1.3909252 56
1721203363212 1.3896515 57
1721203363866 1.388742 58
1721203364562 1.3875098 59
1721203365257 1.3867745 60
1721203365919 1.3860548 61
1721203366565 1.3854613 62
1721203367211 1.3851997 63
1721203368083 1.3855281 0
1721203368726 1.3860795 1
1721203369403 1.3866785 2
1721203370038 1.3873725 3
1721203370707 1.387671 4
1721203371411 1.3882735 5
1721203372085 1.3885663 6
1721203372780 1.3888135 7
1721203373562 1.3888803 8
1721203374192 1.3887935 9
1721203374819 1.3888018 10
1721203375464 1.3884861 11
1721203376133 1.3881645 12
1721203376748 1.3877827 13
1721203377382 1.3873852 14
1721203378076 1.3869456 15
1721203378765 1.3866616 16
1721203379449 1.3862097 17
1721203380093 1.3860186 18
1721203380743 1.3864295 19
1721203381477 1.3873634 20
1721203382176 1.3883018 21
1721203382838 1.3890499 22
1721203383523 1.3892834 23
1721203384242 1.389467 24
1721203384948 1.3893077 25
1721203385617 1.3891182 26
1721203386332 1.3888667 27
1721203387003 1.3884912 28
1721203387663 1.3879514 29
1721203388282 1.3874227 30
1721203388960 1.3869092 31
1721203389612 1.3863637 32
1721203390252 1.3859503 33
1721203390922 1.3856392 34
1721203391572 1.3853061 35
1721203392257 1.3850138 36
1721203392909 1.3850226 37
1721203393542 1.3850064 38
1721203394158 1.385148 39
1721203394765 1.3853416 40
1721203395392 1.3855013 41
1721203396001 1.3857412 42
1721203396578 1.3857102 43
1721203397242 1.3856132 44
1721203397924 1.3856198 45
1721203398551 1.3853588 46
1721203399198 1.3850043 47
1721203399820 1.3848386 48
1721203400531 1.3852217 49
1721203401179 1.386328 50
1721203401873 1.388227 51
1721203402511 1.3895187 52
1721203403183 1.3903925 53
1721203403834 1.3904986 54
1721203404467 1.3902737 55
1721203405126 1.3897413 56
1721203405813 1.3896534 57
1721203406445 1.3895092 58
1721203407082 1.3894742 59
1721203407707 1.3894176 60
1721203408381 1.3897442 61
1721203409012 1.3892293 62
1721203409598 1.3881643 63
1721203410467 1.3875777 0
1721203411117 1.3878112 1
1721203411775 1.3873408 2
1721203412461 1.386782 3
1721203413087 1.3863654 4
1721203413750 1.3860092 5
1721203414438 1.3858658 6
1721203415089 1.3856368 7
1721203415727 1.3856996 8
1721203416398 1.3856103 9
1721203417054 1.3860403 10
1721203417750 1.3864676 11
1721203418430 1.3870549 12
1721203419079 1.3876033 13
1721203419733 1.3879285 14
1721203420410 1.3880181 15
1721203421044 1.3880574 16
1721203421690 1.3881531 17
1721203422336 1.3882537 18
1721203422988 1.3884823 19
1721203423691 1.388938 20
1721203424401 1.3894675 21
1721203425084 1.3897333 22
1721203425767 1.3901485 23
1721203426381 1.3900776 24
1721203427048 1.3900404 25
1721203427590 1.3897272 26
1721203428203 1.3890895 27
1721203428833 1.388471 28
1721203429466 1.3882239 29
1721203430038 1.3875391 30
1721203430598 1.3870214 31
1721203431201 1.3866401 32
1721203431825 1.386205 33
1721203432441 1.3857945 34
1721203433097 1.3854555 35
1721203433730 1.3850273 36
1721203434309 1.3847147 37
1721203434898 1.3844146 38
1721203435522 1.3843068 39
1721203436124 1.384352 40
1721203436785 1.3845003 41
1721203437437 1.3846467 42
1721203438102 1.3847536 43
1721203438825 1.3850448 44
1721203439437 1.3851862 45
1721203440065 1.3852286 46
1721203440703 1.3852003 47
1721203441383 1.3850851 48
1721203442090 1.3850679 49
1721203442757 1.3851849 50
1721203443427 1.3854885 51
1721203444102 1.3861389 52
1721203444794 1.3867068 53
1721203445509 1.3873628 54
1721203446188 1.3881468 55
1721203446855 1.3891407 56
1721203447539 1.3898224 57
1721203448257 1.390121 58
1721203448940 1.3900051 59
1721203449624 1.3895363 60
1721203450325 1.3893142 61
1721203451019 1.3889604 62
1721203451729 1.3880873 63
1721203452578 1.3875806 0
1721203453266 1.3867697 1
1721203453907 1.3858984 2
1721203454539 1.3854928 3
1721203455210 1.3858932 4
1721203455897 1.3865039 5
1721203456609 1.3866391 6
1721203457298 1.3868937 7
1721203457972 1.3868976 8
1721203458637 1.3870683 9
1721203459290 1.3871204 10
1721203459978 1.3875647 11
1721203460659 1.3876791 12
1721203461330 1.3877623 13
1721203462006 1.3882926 14
1721203462673 1.3884575 15
1721203463344 1.3886266 16
1721203464014 1.3890744 17
1721203464690 1.3896521 18
1721203465393 1.3898875 19
1721203466065 1.3898243 20
1721203466718 1.3894835 21
1721203467396 1.3891653 22
1721203468050 1.3888756 23
1721203468711 1.3885207 24
1721203469380 1.3881197 25
1721203470057 1.3877301 26
1721203470738 1.3873012 27
1721203471423 1.3868862 28
1721203472090 1.3865224 29
1721203472782 1.3863122 30
1721203473440 1.3862906 31
1721203474110 1.3861724 32
1721203474804 1.3859257 33
1721203475495 1.385612 34
1721203476218 1.3854067 35
1721203476874 1.3852198 36
1721203477546 1.3848578 37
1721203478200 1.3847976 38
1721203478845 1.3849673 39
1721203479516 1.3846043 40
1721203480176 1.3845806 41
1721203480858 1.3846915 42
1721203481556 1.3849719 43
1721203482241 1.3852909 44
1721203482916 1.3857753 45
1721203483601 1.3863573 46
1721203484266 1.3873546 47
1721203484918 1.3876433 48
1721203485584 1.3877946 49
1721203486240 1.3878164 50
1721203486925 1.3881311 51
1721203487594 1.3885751 52
1721203488260 1.389609 53
1721203488938 1.3905367 54
1721203489621 1.3903954 55
1721203490306 1.3898048 56
1721203490975 1.3893338 57
1721203491639 1.388293 58
1721203492267 1.3880062 59
1721203492940 1.3874778 60
1721203493613 1.3875959 61
1721203494285 1.3873062 62
1721203494955 1.3871679 63
1721203495793 1.3869121 0
1721203496411 1.3864502 1
1721203497095 1.3861871 2
1721203497786 1.3859159 3
1721203498462 1.3857563 4
1721203499148 1.3858159 5
1721203499835 1.3855238 6
1721203500504 1.3856127 7
1721203501175 1.3854202 8
1721203501878 1.3853308 9
1721203502556 1.3855145 10
1721203503230 1.3860252 11
1721203503947 1.3868109 12
1721203504645 1.3873067 13
1721203505365 1.3877757 14
1721203506057 1.3880454 15
1721203506850 1.3887935 16
1721203507560 1.3891428 17
1721203508256 1.3893714 18
1721203508941 1.3894067 19
1721203509636 1.3894365 20
1721203510340 1.38941 21
1721203511055 1.3888717 22
1721203511723 1.3884163 23
1721203512409 1.3876996 24
1721203513153 1.3870893 25
1721203513856 1.3864801 26
1721203514550 1.3859519 27
1721203515277 1.3857551 28
1721203515966 1.3852034 29
1721203516669 1.3853874 30
1721203517399 1.3859847 31
1721203518107 1.3860292 32
1721203518804 1.3862207 33
1721203519502 1.3859146 34
1721203520211 1.3861108 35
1721203520931 1.3862097 36
1721203521651 1.3861985 37
1721203522355 1.386507 38
1721203523058 1.3868697 39
1721203523763 1.3875643 40
1721203524483 1.3876599 41
1721203525235 1.387636 42
1721203525944 1.3873897 43
1721203526631 1.3870523 44
1721203527355 1.3868637 45
1721203528067 1.3868419 46
1721203528806 1.3865454 47
1721203529498 1.3863592 48
1721203530244 1.3860931 49
1721203530934 1.3859901 50
1721203531643 1.3859649 51
1721203532342 1.3861487 52
1721203533056 1.3860979 53
1721203533769 1.3857954 54
1721203534567 1.3856244 55
1721203535243 1.3854914 56
1721203535905 1.3853084 57
1721203536579 1.3853617 58
1721203537219 1.3850938 59
1721203537885 1.3847456 60
1721203538543 1.3848109 61
1721203539188 1.3854061 62
1721203539831 1.3858327 63
1721203540651 1.3857561 0
1721203541305 1.3853242 1
1721203541984 1.3847744 2
1721203542653 1.3855281 3
1721203543344 1.3885192 4
1721203544071 1.3890908 5
1721203544747 1.3894159 6
1721203545433 1.3896164 7
1721203546126 1.3898537 8
1721203546849 1.3914309 9
1721203547540 1.3920951 10
1721203548241 1.3916016 11
1721203548923 1.3898673 12
1721203549617 1.3885286 13
1721203550326 1.38711 14
1721203551015 1.3857362 15
1721203551731 1.3842013 16
1721203552407 1.3825817 17
1721203553117 1.3822554 18
1721203553833 1.3828266 19
1721203554540 1.3850641 20
1721203555225 1.3878901 21
1721203555967 1.3918996 22
1721203556658 1.3943264 23
1721203557371 1.3948689 24
1721203558082 1.3946081 25
1721203558766 1.3931963 26
1721203559460 1.3913653 27
1721203560173 1.3895204 28
1721203560830 1.388161 29
1721203561531 1.3871496 30
1721203562203 1.3872342 31
1721203562894 1.386477 32
1721203563559 1.3856337 33
1721203564227 1.3846941 34
1721203564931 1.3837557 35
1721203565630 1.383435 36
1721203566315 1.3830844 37
1721203567015 1.3836931 38
1721203567689 1.3849151 39
1721203568340 1.3866564 40
1721203569007 1.3899113 41
1721203569663 1.3922749 42
1721203570346 1.3884249 43
1721203571003 1.3844099 44
1721203571674 1.383495 45
1721203572328 1.3841534 46
1721203573010 1.3855915 47
1721203573659 1.3866732 48
1721203574383 1.3879585 49
1721203575082 1.3895187 50
1721203575761 1.3900027 51
1721203576515 1.389967 52
1721203577183 1.3900919 53
1721203577860 1.3902218 54
1721203578518 1.3903782 55
1721203579187 1.3900936 56
1721203579871 1.3896196 57
1721203580546 1.3891633 58
1721203581207 1.3888133 59
1721203581914 1.3884695 60
1721203582592 1.3881104 61
1721203583298 1.3878728 62
1721203584008 1.387624 63
1721203584881 1.3874657 0
1721203585604 1.3872739 1
1721203586257 1.3870401 2
1721203586573 1.3869228 3
1721203586877 1.3866875 4
1721203587171 1.3865972 5
1721203587464 1.3865132 6
1721203587759 1.3864524 7
1721203588060 1.3864751 8
1721203588357 1.3866315 9
1721203588652 1.3870206 10
1721203588948 1.3876143 11
1721203589243 1.3880394 12
1721203589539 1.3882825 13
1721203589841 1.3882089 14
1721203590149 1.3879817 15
1721203590451 1.3877704 16
1721203590757 1.3874002 17
1721203591062 1.3871701 18
1721203591376 1.3870695 19
1721203591681 1.3869698 20
1721203591994 1.3869057 21
1721203592309 1.3868415 22
1721203592632 1.3867657 23
1721203592941 1.386744 24
1721203593262 1.3866715 25
1721203593577 1.3866057 26
1721203593888 1.3866212 27
1721203594200 1.386602 28
1721203594526 1.3864706 29
1721203594844 1.3863708 30
1721203595166 1.3863108 31
1721203595480 1.3862324 32
1721203595804 1.3862447 33
1721203596124 1.3861433 34
1721203596442 1.3861473 35
1721203596759 1.3860726 36
1721203597082 1.3860519 37
1721203597411 1.38604 38
1721203597745 1.3861017 39
1721203598070 1.3861184 40
1721203598393 1.3860923 41
1721203598715 1.3862805 42
1721203599035 1.3863738 43
1721203599358 1.3865421 44
1721203599678 1.3865411 45
1721203600000 1.3867457 46
1721203600321 1.3869232 47
1721203600646 1.3870349 48
1721203601008 1.3871711 49
1721203601342 1.3872025 50
1721203601672 1.387142 51
1721203601999 1.387038 52
1721203602327 1.3869826 53
1721203602657 1.3868797 54
1721203602985 1.3867111 55
1721203603319 1.386525 56
1721203603649 1.386323 57
1721203603985 1.3860846 58
1721203604318 1.3858371 59
1721203604654 1.385844 60
1721203604989 1.3858857 61
1721203605326 1.3857918 62
1721203605660 1.3857206 63
1721203606482 1.3856286 0
1721203607125 1.3855414 1
1721203607818 1.3854072 2
1721203608444 1.3854234 3
1721203609101 1.3853004 4
1721203609759 1.3853838 5
1721203610439 1.385325 6
1721203611108 1.3855354 7
1721203611793 1.3858941 8
1721203612442 1.3862016 9
1721203613086 1.3865907 10
1721203613724 1.3871677 11
1721203614359 1.3874687 12
1721203614990 1.3879436 13
1721203615661 1.3882232 14
1721203616343 1.3883405 15
1721203616989 1.3883883 16
1721203617659 1.388411 17
1721203618295 1.3883111 18
1721203618903 1.3882773 19
1721203619529 1.3882165 20
1721203620209 1.3880409 21
1721203620848 1.3878323 22
1721203621466 1.3877716 23
1721203621825 1.3876498 24
1721203622139 1.3873987 25
1721203622455 1.3871236 26
1721203622776 1.3870406 27
1721203623091 1.3867478 28
1721203623418 1.3865073 29
1721203623749 1.3863466 30
1721203624110 1.3861463 31
1721203624481 1.3860222 32
1721203624869 1.3857844 33
1721203625247 1.3857398 34
1721203625603 1.385638 35
1721203625931 1.3854945 36
1721203626260 1.3854368 37
1721203626630 1.3854184 38
1721203627017 1.3853936 39
1721203627381 1.3854785 40
1721203627744 1.385556 41
1721203628109 1.3855754 42
1721203628483 1.3858128 43
1721203628854 1.3860352 44
1721203629249 1.3861744 45
1721203629635 1.3863368 46
1721203629997 1.386503 47
1721203630353 1.3866444 48
1721203630711 1.3867676 49
1721203631094 1.3869526 50
1721203631483 1.3870821 51
1721203631853 1.3871052 52
1721203632196 1.387089 53
1721203632526 1.3868903 54
1721203632856 1.3869009 55
1721203633187 1.3868159 56
1721203633522 1.386622 57
1721203633858 1.3865991 58
1721203634207 1.3864448 59
1721203634550 1.3863213 60
1721203634887 1.3863726 61
1721203635220 1.3860784 62
1721203635560 1.3859202 63
