1721203261699 1.072597 0
1721203262139 1.012708 1
1721203262453 0.970651 2
1721203262768 0.9364054 3
1721203263080 0.9163237 4
1721203263392 0.90002054 5
1721203263706 0.885069 6
1721203264018 0.86977595 7
1721203264330 0.86099684 8
1721203264658 0.8439678 9
1721203264982 0.82807136 10
1721203265308 0.81652844 11
1721203265639 0.8061022 12
1721203265975 0.79612225 13
1721203266313 0.7885478 14
1721203266656 0.7831833 15
1721203266975 0.77854186 16
1721203267295 0.777702 17
1721203267611 0.7701678 18
1721203267951 0.76415974 19
1721203268290 0.76183796 20
1721203268636 0.7572853 21
1721203268967 0.7539109 22
1721203269298 0.7506706 23
1721203269632 0.74813074 24
1721203269960 0.7473349 25
1721203270312 0.7452729 26
1721203270643 0.7411722 27
1721203270978 0.73933643 28
1721203271308 0.7377773 29
1721203271647 0.73685575 30
1721203271981 0.7352461 31
1721203272315 0.73247766 32
1721203272650 0.73257047 33
1721203272987 0.7258756 34
1721203273325 0.72169787 35
1721203273662 0.7233102 36
1721203274002 0.7276029 37
1721203274340 0.7223435 38
1721203274681 0.7220921 39
1721203275036 0.71921676 40
1721203275396 0.71772265 41
1721203275743 0.72005415 42
1721203276090 0.7223254 43
1721203276435 0.7201398 44
1721203276779 0.7139217 45
1721203277125 0.7147174 46
1721203277504 0.7148925 47
1721203277866 0.7171004 48
1721203278220 0.7159881 49
1721203278570 0.7118639 50
1721203278918 0.71503973 51
1721203279267 0.7142093 52
1721203279623 0.7153088 53
1721203279986 0.7168925 54
1721203280352 0.717161 55
1721203280710 0.71286523 56
1721203281070 0.7147392 57
1721203281445 0.71343315 58
1721203281848 0.708855 59
1721203282223 0.7036354 60
1721203282588 0.7084218 61
1721203282946 0.71079177 62
1721203283302 0.71589804 63
1721203283736 0.7086917 0
1721203284090 0.7045621 1
1721203284451 0.7036674 2
1721203284805 0.7125415 3
1721203285159 0.71250886 4
1721203285510 0.70724225 5
1721203285867 0.7065698 6
1721203286222 0.7102072 7
1721203286738 0.7059363 8
1721203287501 0.7050681 9
1721203288181 0.7076893 10
1721203288895 0.70643026 11
1721203289627 0.70663124 12
1721203290349 0.708077 13
1721203291034 0.70548856 14
1721203291775 0.7066307 15
1721203292437 0.7120272 16
1721203293123 0.7054608 17
1721203293876 0.706574 18
1721203294602 0.70617867 19
1721203295303 0.7056481 20
1721203296001 0.7023391 21
1721203296686 0.70524067 22
1721203297361 0.7045055 23
1721203298036 0.7018317 24
1721203298694 0.70274115 25
1721203299393 0.7049943 26
1721203300066 0.705514 27
1721203300788 0.70588094 28
1721203301510 0.7043392 29
1721203302229 0.70710367 30
1721203302950 0.70563346 31
1721203303622 0.7047273 32
1721203304303 0.7069482 33
1721203305005 0.7055016 34
1721203305694 0.7042597 35
1721203306695 0.7003849 36
1721203307358 0.7053631 37
1721203308022 0.70455 38
1721203308687 0.70594466 39
1721203309297 0.7049647 40
1721203309892 0.7033461 41
1721203310501 0.7050537 42
1721203311114 0.70645076 43
1721203311824 0.70297605 44
1721203312462 0.70023584 45
1721203313066 0.70126253 46
1721203313739 0.7007385 47
1721203314373 0.70024645 48
1721203315040 0.6969922 49
1721203315683 0.6987709 50
1721203316333 0.7018423 51
1721203316995 0.70587957 52
1721203317694 0.70238894 53
1721203318344 0.69657063 54
1721203318961 0.69735247 55
1721203319628 0.6995541 56
1721203320236 0.70588285 57
1721203320879 0.7052016 58
1721203321590 0.70099956 59
1721203322248 0.6995885 60
1721203322889 0.69640326 61
1721203323558 0.69812983 62
1721203324226 0.70099795 63
1721203325107 0.7013369 0
1721203325747 0.69998693 1
1721203326377 0.69820434 2
1721203327016 0.70032936 3
1721203327659 0.7032309 4
1721203328286 0.6975246 5
1721203328943 0.6972935 6
1721203329528 0.6990008 7
1721203330150 0.70065814 8
1721203330807 0.7015671 9
1721203331490 0.69661784 10
1721203332144 0.6963658 11
1721203332793 0.69916165 12
1721203333438 0.7040533 13
1721203334107 0.7016912 14
1721203334751 0.6987034 15
1721203335455 0.6988076 16
1721203336163 0.7006054 17
1721203336894 0.69982857 18
1721203337543 0.7007333 19
1721203338236 0.70019746 20
1721203338937 0.700533 21
1721203339597 0.6983292 22
1721203340303 0.691126 23
1721203341021 0.69479996 24
1721203341680 0.69769526 25
1721203342359 0.6977468 26
1721203343025 0.6938592 27
1721203343711 0.6957924 28
1721203344377 0.6974661 29
1721203345051 0.6966397 30
1721203345730 0.6926752 31
1721203346402 0.6982411 32
1721203347023 0.69935024 33
1721203347787 0.69947976 34
1721203348515 0.6978257 35
1721203349183 0.7006301 36
1721203349822 0.70197153 37
1721203350527 0.6992783 38
1721203351176 0.6952772 39
1721203351864 0.6983996 40
1721203352509 0.7016473 41
1721203353169 0.69859457 42
1721203353806 0.69831324 43
1721203354479 0.6990735 44
1721203355154 0.6999493 45
1721203355803 0.7005225 46
1721203356440 0.70071197 47
1721203357167 0.7006534 48
1721203357779 0.69845915 49
1721203358446 0.6953495 50
1721203359100 0.6978276 51
1721203359797 0.69466317 52
1721203360464 0.6966766 53
1721203361159 0.69979256 54
1721203361838 0.69905907 55
1721203362545 0.6958413 56
1721203363217 0.6963637 57
1721203363871 0.69940966 58
1721203364569 0.6989346 59
1721203365262 0.70197606 60
1721203365925 0.69843197 61
1721203366571 0.695654 62
1721203367217 0.6968932 63
1721203368088 0.6974457 0
1721203368731 0.6978787 1
1721203369408 0.7021012 2
1721203370043 0.6974112 3
1721203370711 0.6979194 4
1721203371415 0.69564915 5
1721203372089 0.6973834 6
1721203372785 0.69501483 7
1721203373567 0.69517666 8
1721203374197 0.69757986 9
1721203374824 0.6948512 10
1721203375469 0.6962341 11
1721203376137 0.6954519 12
1721203376753 0.69343776 13
1721203377387 0.69708735 14
1721203378080 0.69873685 15
1721203378770 0.69658965 16
1721203379454 0.69698906 17
1721203380098 0.69594234 18
1721203380748 0.6938103 19
1721203381482 0.6975168 20
1721203382181 0.6950118 21
1721203382842 0.69263786 22
1721203383528 0.6941466 23
1721203384247 0.6976501 24
1721203384952 0.6946395 25
1721203385622 0.69411516 26
1721203386336 0.69773835 27
1721203387009 0.6959194 28
1721203387668 0.69546044 29
1721203388287 0.6955886 30
1721203388965 0.69748014 31
1721203389618 0.6971477 32
1721203390257 0.696681 33
1721203390927 0.6971834 34
1721203391577 0.6968291 35
1721203392262 0.6995031 36
1721203392914 0.6964177 37
1721203393546 0.6955267 38
1721203394162 0.6968916 39
1721203394770 0.6994637 40
1721203395397 0.7007341 41
1721203396005 0.6986742 42
1721203396583 0.69550437 43
1721203397247 0.69929266 44
1721203397928 0.6985539 45
1721203398556 0.69969225 46
1721203399202 0.698354 47
1721203399825 0.6964569 48
1721203400536 0.69660026 49
1721203401184 0.69532794 50
1721203401878 0.694381 51
1721203402516 0.69744825 52
1721203403187 0.69471866 53
1721203403839 0.6905656 54
1721203404472 0.69415784 55
1721203405131 0.69568527 56
1721203405818 0.6926647 57
1721203406450 0.6888947 58
1721203407087 0.6938421 59
1721203407712 0.6950122 60
1721203408386 0.7018999 61
1721203409017 0.6946458 62
1721203409603 0.6894923 63
1721203410472 0.6941739 0
1721203411122 0.69805163 1
1721203411780 0.69429934 2
1721203412466 0.6949389 3
1721203413092 0.69537944 4
1721203413755 0.69965655 5
1721203414443 0.69874024 6
1721203415094 0.69739234 7
1721203415733 0.69515896 8
1721203416403 0.6953588 9
1721203417059 0.6968737 10
1721203417756 0.6986462 11
1721203418434 0.6994574 12
1721203419084 0.69388616 13
1721203419738 0.69355845 14
1721203420415 0.6958931 15
1721203421049 0.6948882 16
1721203421694 0.6981223 17
1721203422341 0.6952794 18
1721203422993 0.6928349 19
1721203423696 0.6960869 20
1721203424406 0.69252646 21
1721203425089 0.69254804 22
1721203425771 0.69611347 23
1721203426386 0.6939148 24
1721203427053 0.69466877 25
1721203427595 0.69431674 26
1721203428208 0.6903113 27
1721203428838 0.69455874 28
1721203429471 0.70024836 29
1721203430043 0.69309306 30
1721203430603 0.69230676 31
1721203431204 0.6957999 32
1721203431830 0.69575685 33
1721203432447 0.69565344 34
1721203433101 0.69709116 35
1721203433735 0.69551414 36
1721203434313 0.6974026 37
1721203434903 0.6957196 38
1721203435527 0.69586366 39
1721203436129 0.6931047 40
1721203436791 0.6973607 41
1721203437442 0.6974257 42
1721203438107 0.69954497 43
1721203438830 0.6943285 44
1721203439442 0.6951151 45
1721203440070 0.69237506 46
1721203440708 0.6968273 47
1721203441388 0.69545364 48
1721203442095 0.6969394 49
1721203442762 0.6960346 50
1721203443432 0.69196534 51
1721203444107 0.69573927 52
1721203444799 0.6983444 53
1721203445513 0.6933888 54
1721203446193 0.6910879 55
1721203446860 0.6961844 56
1721203447544 0.69458187 57
1721203448262 0.69430727 58
1721203448945 0.6928098 59
1721203449629 0.6944767 60
1721203450330 0.6963855 61
1721203451024 0.69748056 62
1721203451733 0.6948809 63
1721203452583 0.6955521 0
1721203453271 0.6948738 1
1721203453912 0.69673336 2
1721203454544 0.6941561 3
1721203455215 0.69881916 4
1721203455903 0.69582504 5
1721203456613 0.69689715 6
1721203457304 0.6919337 7
1721203457977 0.69344956 8
1721203458642 0.6986548 9
1721203459295 0.6934519 10
1721203459983 0.69604635 11
1721203460663 0.6956965 12
1721203461335 0.6927826 13
1721203462011 0.69377345 14
1721203462678 0.69536924 15
1721203463349 0.6908723 16
1721203464020 0.6947459 17
1721203464695 0.69718003 18
1721203465398 0.6955056 19
1721203466071 0.691396 20
1721203466723 0.6901182 21
1721203467400 0.69302803 22
1721203468055 0.69557136 23
1721203468716 0.6963127 24
1721203469385 0.6948978 25
1721203470061 0.6924 26
1721203470743 0.6992894 27
1721203471428 0.69058746 28
1721203472098 0.69160295 29
1721203472786 0.6970659 30
1721203473444 0.69433767 31
1721203474116 0.6962037 32
1721203474808 0.6954854 33
1721203475500 0.6952798 34
1721203476224 0.69619465 35
1721203476879 0.6939305 36
1721203477551 0.69798476 37
1721203478205 0.695615 38
1721203478850 0.69386053 39
1721203479520 0.6995715 40
1721203480182 0.69476354 41
1721203480863 0.6937045 42
1721203481560 0.69465125 43
1721203482246 0.6953038 44
1721203482921 0.69564307 45
1721203483605 0.6950076 46
1721203484271 0.69287014 47
1721203484923 0.69324046 48
1721203485588 0.6941731 49
1721203486245 0.6962713 50
1721203486930 0.694268 51
1721203487599 0.6911924 52
1721203488265 0.69158083 53
1721203488943 0.6910759 54
1721203489626 0.69233257 55
1721203490311 0.69612247 56
1721203490981 0.6972345 57
1721203491644 0.68992877 58
1721203492273 0.69478244 59
1721203492946 0.6914849 60
1721203493618 0.69665027 61
1721203494290 0.6909644 62
1721203494959 0.69795024 63
1721203495797 0.6972396 0
1721203496416 0.69079113 1
1721203497100 0.6958159 2
1721203497791 0.6939555 3
1721203498466 0.69692546 4
1721203499153 0.698045 5
1721203499841 0.6949584 6
1721203500510 0.6954315 7
1721203501179 0.6938936 8
1721203501883 0.69746006 9
1721203502561 0.6936394 10
1721203503234 0.69544464 11
1721203503952 0.69773924 12
1721203504650 0.69793504 13
1721203505369 0.693465 14
1721203506061 0.6887808 15
1721203506855 0.6928782 16
1721203507566 0.6969745 17
1721203508261 0.6949843 18
1721203508946 0.6931871 19
1721203509641 0.69314593 20
1721203510344 0.6931623 21
1721203511060 0.6928932 22
1721203511728 0.6930172 23
1721203512414 0.6917905 24
1721203513158 0.6934343 25
1721203513861 0.69561017 26
1721203514555 0.69749266 27
1721203515282 0.69526184 28
1721203515971 0.6961051 29
1721203516674 0.6954743 30
1721203517405 0.6918678 31
1721203518111 0.6938277 32
1721203518809 0.6961387 33
1721203519507 0.6942735 34
1721203520215 0.6954771 35
1721203520936 0.6937621 36
1721203521655 0.6933579 37
1721203522360 0.6919004 38
1721203523063 0.68917406 39
1721203523768 0.69748867 40
1721203524488 0.6960305 41
1721203525239 0.6942768 42
1721203525950 0.6927668 43
1721203526635 0.69596577 44
1721203527360 0.6920523 45
1721203528072 0.6934869 46
1721203528811 0.69556653 47
1721203529503 0.6965725 48
1721203530249 0.69598997 49
1721203530939 0.694079 50
1721203531648 0.69540685 51
1721203532348 0.6916109 52
1721203533060 0.69461 53
1721203533774 0.6953564 54
1721203534572 0.69701135 55
1721203535248 0.69522077 56
1721203535910 0.69481814 57
1721203536584 0.6956656 58
1721203537224 0.6946825 59
1721203537890 0.69529074 60
1721203538548 0.69644225 61
1721203539193 0.69655573 62
1721203539837 0.69671834 63
1721203540656 0.69412214 0
1721203541310 0.69103616 1
1721203541989 0.6976424 2
1721203542658 0.6960817 3
1721203543349 0.6936708 4
1721203544076 0.69142133 5
1721203544753 0.69230783 6
1721203545438 0.69332355 7
1721203546130 0.6943055 8
1721203546854 0.69099593 9
1721203547545 0.6881275 10
1721203548246 0.69079703 11
1721203548928 0.6968412 12
1721203549624 0.695318 13
1721203550332 0.6916127 14
1721203551020 0.6947881 15
1721203551735 0.6944198 16
1721203552412 0.6965184 17
1721203553122 0.6952916 18
1721203553838 0.69347095 19
1721203554545 0.692384 20
1721203555231 0.69138294 21
1721203555972 0.6901137 22
1721203556663 0.69371986 23
1721203557376 0.6932979 24
1721203558087 0.6910283 25
1721203558771 0.6917368 26
1721203559466 0.6948344 27
1721203560178 0.6920206 28
1721203560836 0.69342196 29
1721203561536 0.6956943 30
1721203562208 0.6975055 31
1721203562899 0.69590265 32
1721203563564 0.6919749 33
1721203564231 0.6967083 34
1721203564936 0.69496405 35
1721203565635 0.6974911 36
1721203566320 0.69881296 37
1721203567020 0.69446415 38
1721203567694 0.6944426 39
1721203568345 0.6930337 40
1721203569012 0.6915384 41
1721203569668 0.68979955 42
1721203570351 0.6897638 43
1721203571008 0.6925141 44
1721203571679 0.6934884 45
1721203572333 0.6924096 46
1721203573015 0.69259894 47
1721203573663 0.6943051 48
1721203574388 0.69516236 49
1721203575086 0.6966624 50
1721203575766 0.6898709 51
1721203576520 0.6911764 52
1721203577188 0.690034 53
1721203577865 0.6934863 54
1721203578523 0.6939469 55
1721203579192 0.6938627 56
1721203579876 0.6937056 57
1721203580551 0.69329995 58
1721203581213 0.6933298 59
1721203581919 0.68999875 60
1721203582597 0.69451994 61
1721203583304 0.6932977 62
1721203584014 0.69621193 63
1721203584887 0.69346076 0
1721203585609 0.69408923 1
1721203586260 0.69402885 2
1721203586575 0.69376177 3
1721203586879 0.694413 4
1721203587173 0.6923574 5
1721203587467 0.6960354 6
1721203587761 0.6951869 7
1721203588063 0.69131213 8
1721203588360 0.694365 9
1721203588654 0.6957497 10
1721203588950 0.6922492 11
1721203589246 0.6947429 12
1721203589541 0.69381744 13
1721203589844 0.6916195 14
1721203590151 0.6924413 15
1721203590453 0.6965958 16
1721203590759 0.69304657 17
1721203591065 0.6931463 18
1721203591378 0.693958 19
1721203591684 0.69284743 20
1721203591998 0.69408786 21
1721203592312 0.6942957 22
1721203592635 0.69391143 23
1721203592943 0.69279134 24
1721203593264 0.69508684 25
1721203593579 0.6927355 26
1721203593891 0.69703233 27
1721203594202 0.694012 28
1721203594528 0.6945431 29
1721203594846 0.6929074 30
1721203595169 0.6939257 31
1721203595483 0.693892 32
1721203595806 0.6964094 33
1721203596126 0.6950204 34
1721203596444 0.69267255 35
1721203596761 0.694908 36
1721203597085 0.6940248 37
1721203597414 0.69706964 38
1721203597748 0.69237995 39
1721203598073 0.6944612 40
1721203598396 0.6944901 41
1721203598718 0.695347 42
1721203599038 0.6960054 43
1721203599360 0.6920332 44
1721203599681 0.69116664 45
1721203600002 0.6956127 46
1721203600324 0.6958689 47
1721203600649 0.69228595 48
1721203601011 0.6950342 49
1721203601345 0.69209373 50
1721203601675 0.6939102 51
1721203602001 0.69407815 52
1721203602330 0.6931481 53
1721203602659 0.693476 54
1721203602987 0.69376874 55
1721203603322 0.69463795 56
1721203603651 0.6943162 57
1721203603988 0.6933739 58
1721203604320 0.69343454 59
1721203604657 0.69760805 60
1721203604992 0.6950909 61
1721203605328 0.6901511 62
1721203605663 0.69303906 63
1721203606487 0.69757855 0
1721203607130 0.6959172 1
1721203607823 0.6931784 2
1721203608449 0.6942071 3
1721203609105 0.6941789 4
1721203609763 0.6933678 5
1721203610444 0.69540703 6
1721203611113 0.6933995 7
1721203611802 0.69562495 8
1721203612447 0.69384164 9
1721203613091 0.69291836 10
1721203613729 0.69360536 11
1721203614364 0.69470114 12
1721203614993 0.6935289 13
1721203615666 0.69037455 14
1721203616348 0.6933424 15
1721203616995 0.6931581 16
1721203617664 0.69339347 17
1721203618298 0.6928003 18
1721203618907 0.69288486 19
1721203619534 0.6917347 20
1721203620213 0.6937654 21
1721203620853 0.6942151 22
1721203621468 0.69319546 23
1721203621828 0.691766 24
1721203622142 0.69562423 25
1721203622457 0.69521564 26
1721203622779 0.6894229 27
1721203623094 0.6943284 28
1721203623420 0.69733256 29
1721203623752 0.6926637 30
1721203624113 0.6946395 31
1721203624484 0.6932905 32
1721203624872 0.6944946 33
1721203625250 0.69356847 34
1721203625606 0.69478416 35
1721203625934 0.6971404 36
1721203626263 0.69249165 37
1721203626633 0.6934087 38
1721203627021 0.69466543 39
1721203627384 0.69627464 40
1721203627747 0.6923754 41
1721203628111 0.6937986 42
1721203628486 0.6935493 43
1721203628858 0.6953919 44
1721203629252 0.69614387 45
1721203629638 0.69203 46
1721203629999 0.6925424 47
1721203630356 0.69298357 48
1721203630714 0.6935239 49
1721203631097 0.69437313 50
1721203631486 0.6932733 51
1721203631855 0.69421536 52
1721203632198 0.6951305 53
1721203632529 0.69443125 54
1721203632858 0.69137394 55
1721203633189 0.6947635 56
1721203633525 0.69333386 57
1721203633860 0.69188744 58
1721203634210 0.6953987 59
1721203634552 0.6950362 60
1721203634890 0.6919484 61
1721203635223 0.695635 62
1721203635563 0.6951971 63
