1721113473259 0.55739903 0
1721113473775 0.5035754 1
1721113474115 0.4561119 2
1721113474464 0.41483822 3
1721113474812 0.3784841 4
1721113475146 0.3465061 5
1721113475493 0.31819627 6
1721113475846 0.29318717 7
1721113476179 0.27086088 8
1721113476546 0.25060174 9
1721113476893 0.23437889 10
1721113477240 0.21628632 11
1721113477602 0.20265259 12
1721113477952 0.19025946 13
1721113478328 0.17812712 14
1721113478679 0.16830392 15
1721113479046 0.15785849 16
1721113479410 0.14945664 17
1721113479749 0.14151922 18
1721113480112 0.13307966 19
1721113480462 0.12689702 20
1721113480812 0.122644514 21
1721113481163 0.11409411 22
1721113481511 0.10920901 23
1721113481860 0.102381565 24
1721113482213 0.099625394 25
1721113482585 0.09624101 26
1721113482932 0.08834579 27
1721113483296 0.08490069 28
1721113483646 0.08159012 29
1721113483999 0.07946702 30
1721113484363 0.07402898 31
1721113484712 0.070936166 32
1721113485081 0.068533234 33
1721113485430 0.06634298 34
1721113485778 0.06503437 35
1721113486145 0.060185388 36
1721113486512 0.05793104 37
1721113486862 0.057472892 38
1721113487229 0.055099197 39
1721113487580 0.052803352 40
1721113487944 0.051420517 41
1721113488294 0.050025053 42
1721113488647 0.04873705 43
1721113489023 0.04827622 44
1721113489379 0.04698516 45
1721113489732 0.0448768 46
1721113490095 0.044581447 47
1721113490446 0.042249255 48
1721113490813 0.0418289 49
1721113491178 0.04109229 50
1721113491535 0.038863696 51
1721113491897 0.038568173 52
1721113492246 0.03705275 53
1721113492612 0.03667005 54
1721113492980 0.035598207 55
1721113493336 0.034706827 56
1721113493695 0.03422171 57
1721113494050 0.034664676 58
1721113494398 0.03227148 59
1721113494738 0.033045314 60
1721113495083 0.030953163 61
1721113495415 0.03057502 62
1721113495764 0.03046986 63
1721113496179 0.030006414 0
1721113496531 0.029419519 1
1721113496864 0.028950457 2
1721113497222 0.02828442 3
1721113497580 0.027728956 4
1721113497929 0.027011681 5
1721113498281 0.02696137 6
1721113498631 0.026162213 7
1721113498996 0.025955759 8
1721113499347 0.02614756 9
1721113499681 0.025350882 10
1721113500047 0.025569635 11
1721113500381 0.024142446 12
1721113500730 0.023776246 13
1721113501064 0.023673465 14
1721113501415 0.023021977 15
1721113501749 0.022588948 16
1721113502097 0.022699645 17
1721113502448 0.021950582 18
1721113502797 0.02154503 19
1721113503130 0.021399142 20
1721113503465 0.021045767 21
1721113503829 0.021262655 22
1721113504180 0.021446941 23
1721113504531 0.020922892 24
1721113504881 0.02014404 25
1721113505213 0.020024793 26
1721113505551 0.020435005 27
1721113505895 0.020320846 28
1721113506252 0.01937668 29
1721113506596 0.019334221 30
1721113506931 0.019594617 31
1721113507282 0.018445564 32
1721113507614 0.018032389 33
1721113507964 0.017959656 34
1721113508314 0.017957307 35
1721113508781 0.017399853 36
1721113509116 0.017359061 37
1721113509464 0.01746483 38
1721113509800 0.0172327 39
1721113510161 0.017268123 40
1721113510514 0.01690224 41
1721113510862 0.016954523 42
1721113511224 0.01616611 43
1721113511611 0.016244713 44
1721113511960 0.016120132 45
1721113512295 0.015630664 46
1721113512662 0.0155431405 47
1721113513015 0.015428888 48
1721113513380 0.015130984 49
1721113513729 0.014953914 50
1721113514082 0.014813793 51
1721113514446 0.01576572 52
1721113514797 0.014936237 53
1721113515165 0.014321446 54
1721113515514 0.014570914 55
1721113515881 0.014096718 56
1721113516232 0.0140083935 57
1721113516598 0.014456848 58
1721113516948 0.014523859 59
1721113517316 0.013786021 60
1721113517666 0.013638781 61
1721113518046 0.01346696 62
1721113518429 0.013198661 63
1721113518892 0.013356515 0
1721113519295 0.013652094 1
1721113519678 0.012943862 2
1721113520049 0.012713358 3
1721113520431 0.013511832 4
1721113520813 0.012939452 5
1721113521211 0.012563947 6
1721113521581 0.012564956 7
1721113521947 0.012542186 8
1721113522361 0.012685549 9
1721113522729 0.013120385 10
1721113523097 0.012067057 11
1721113523495 0.011843548 12
1721113523895 0.011767134 13
1721113524264 0.011791105 14
1721113524648 0.01151634 15
1721113525013 0.011622371 16
1721113525395 0.01160775 17
1721113525780 0.011194137 18
1721113526162 0.011182629 19
1721113526530 0.011329098 20
1721113526915 0.010856552 21
1721113527314 0.0111004235 22
1721113527696 0.011076989 23
1721113528096 0.010614119 24
1721113528508 0.010499171 25
1721113528918 0.010750238 26
1721113529315 0.010402433 27
1721113529730 0.01024378 28
1721113530130 0.010256972 29
1721113530506 0.010709496 30
1721113530896 0.010055269 31
1721113531296 0.01049421 32
1721113531686 0.00995029 33
1721113532086 0.009891065 34
1721113532496 0.010474699 35
1721113532897 0.009731615 36
1721113533297 0.009962129 37
1721113533687 0.009767037 38
1721113534057 0.009751334 39
1721113534462 0.00945616 40
1721113534947 0.009347577 41
1721113535381 0.009442234 42
1721113535792 0.009313717 43
1721113536213 0.009547159 44
1721113536643 0.009116448 45
1721113537125 0.009268947 46
1721113537549 0.008884989 47
1721113537972 0.009108715 48
1721113538381 0.008835259 49
1721113538805 0.008952534 50
1721113539212 0.008653107 51
1721113539667 0.00875134 52
1721113540107 0.008800084 53
1721113540546 0.008730337 54
1721113540999 0.008508904 55
1721113541420 0.008334477 56
1721113541787 0.008339642 57
1721113542175 0.0082495 58
1721113542552 0.008339535 59
1721113542931 0.008181898 60
1721113543312 0.00806562 61
1721113543683 0.008042011 62
1721113544051 0.007946049 63
1721113544484 0.007946976 0
1721113544843 0.007794361 1
1721113545198 0.0079939915 2
1721113545557 0.007738294 3
1721113545903 0.008047761 4
1721113546264 0.007658056 5
1721113546626 0.0076563717 6
1721113547085 0.007656492 7
1721113547874 0.007561469 8
1721113548575 0.0075144293 9
1721113549265 0.0075737983 10
1721113549977 0.00738934 11
1721113550675 0.0076016528 12
1721113551377 0.0073981625 13
1721113552004 0.0072449534 14
1721113552689 0.0071811303 15
1721113553370 0.0070432196 16
1721113554065 0.007209762 17
1721113554721 0.00695414 18
1721113555408 0.0070902808 19
1721113556073 0.007080538 20
1721113556719 0.006823387 21
1721113557455 0.0070023444 22
1721113558217 0.0068881637 23
1721113558886 0.0068274136 24
1721113559602 0.0067230016 25
1721113560268 0.006712267 26
1721113560961 0.0067158006 27
1721113561674 0.006607574 28
1721113562342 0.0065316185 29
1721113563054 0.00652405 30
1721113563790 0.006650436 31
1721113564420 0.0066282037 32
1721113565058 0.006564261 33
1721113565728 0.006366403 34
1721113566403 0.006577742 35
1721113567047 0.0063516144 36
1721113567691 0.0063995826 37
1721113568415 0.006329591 38
1721113569096 0.0062141167 39
1721113569803 0.006142671 40
1721113570481 0.006041791 41
1721113571180 0.0060727345 42
1721113571815 0.006001114 43
1721113572448 0.0059909965 44
1721113573111 0.006029232 45
1721113573786 0.00608493 46
1721113574462 0.00614053 47
1721113575118 0.005844967 48
1721113575798 0.005826501 49
1721113576463 0.005891866 50
1721113577147 0.0059344997 51
1721113577809 0.0057814564 52
1721113578493 0.0056302072 53
1721113579160 0.0055871285 54
1721113579819 0.005543987 55
1721113580497 0.0057525407 56
1721113581162 0.0056670564 57
1721113581815 0.0056004343 58
1721113582495 0.005444462 59
1721113583181 0.0054060766 60
1721113583857 0.005385767 61
1721113584496 0.0053228703 62
1721113585132 0.005498767 63
1721113585982 0.0053696716 0
1721113586648 0.005251991 1
1721113587337 0.0056531606 2
1721113587965 0.0053379815 3
1721113588644 0.005167194 4
1721113589277 0.005221236 5
1721113589933 0.0051898933 6
1721113590614 0.0052367626 7
1721113591265 0.00506845 8
1721113591932 0.005065106 9
1721113592643 0.0051049395 10
1721113593314 0.0050866553 11
1721113593976 0.0050063436 12
1721113594586 0.004924199 13
1721113595262 0.0049032895 14
1721113595921 0.005092864 15
1721113596614 0.004847588 16
1721113597267 0.0049534724 17
1721113597937 0.0048111333 18
1721113598652 0.0048326417 19
1721113599365 0.004757824 20
1721113600078 0.004902668 21
1721113600776 0.0049523 22
1721113601473 0.004676559 23
1721113602186 0.004778079 24
1721113602883 0.004619109 25
1721113603600 0.004703131 26
1721113604350 0.004623845 27
1721113605064 0.004681441 28
1721113605814 0.004543142 29
1721113606614 0.004537959 30
1721113607366 0.004483029 31
1721113608086 0.00460655 32
1721113608453 0.0044753193 33
1721113608772 0.004396999 34
1721113609074 0.004490265 35
1721113609374 0.004553995 36
1721113609690 0.004334636 37
1721113609973 0.0044318065 38
1721113610306 0.004429348 39
1721113610607 0.0042937375 40
1721113610940 0.0044223554 41
1721113611239 0.0042994563 42
1721113611558 0.004227076 43
1721113611920 0.004205965 44
1721113612224 0.004163821 45
1721113612540 0.004293776 46
1721113612874 0.004286391 47
1721113613192 0.0043595987 48
1721113613523 0.0041828263 49
1721113613840 0.0041357945 50
1721113614157 0.0042722095 51
1721113614475 0.0041176286 52
1721113614811 0.0040999833 53
1721113615123 0.004090454 54
1721113615440 0.0039845584 55
1721113615772 0.0042608627 56
1721113616089 0.00395491 57
1721113616404 0.0039214417 58
1721113616740 0.00401773 59
1721113617074 0.003918535 60
1721113617413 0.0038821779 61
1721113617755 0.0039684833 62
1721113618091 0.00383282 63
