1721113473243 1.3876675 0
1721113473759 1.3872644 1
1721113474115 1.3901498 2
1721113474464 1.392638 3
1721113474796 1.3904839 4
1721113475146 1.3889444 5
1721113475493 1.3917638 6
1721113475845 1.3909659 7
1721113476179 1.3872926 8
1721113476530 1.3846254 9
1721113476893 1.3825653 10
1721113477240 1.3840122 11
1721113477597 1.3841819 12
1721113477952 1.3863676 13
1721113478328 1.3896942 14
1721113478679 1.3907905 15
1721113479031 1.3893402 16
1721113479395 1.388931 17
1721113479749 1.391803 18
1721113480097 1.3899031 19
1721113480446 1.3854718 20
1721113480796 1.3832874 21
1721113481147 1.383342 22
1721113481496 1.381537 23
1721113481860 1.3795509 24
1721113482213 1.3780475 25
1721113482562 1.3747928 26
1721113482932 1.3765433 27
1721113483280 1.3917804 28
1721113483646 1.4057686 29
1721113483999 1.412049 30
1721113484363 1.411509 31
1721113484712 1.4065697 32
1721113485065 1.4010842 33
1721113485430 1.3945155 34
1721113485778 1.3875964 35
1721113486145 1.3809476 36
1721113486496 1.3747308 37
1721113486862 1.3687017 38
1721113487212 1.3706441 39
1721113487580 1.3768764 40
1721113487930 1.3824568 41
1721113488294 1.3844457 42
1721113488647 1.3904326 43
1721113489013 1.3909671 44
1721113489363 1.3891065 45
1721113489732 1.3879987 46
1721113490080 1.3862162 47
1721113490446 1.3836339 48
1721113490813 1.3856719 49
1721113491162 1.3890263 50
1721113491535 1.3910666 51
1721113491897 1.3898277 52
1721113492246 1.3889978 53
1721113492612 1.3867326 54
1721113492964 1.3850908 55
1721113493336 1.3872167 56
1721113493695 1.4010723 57
1721113494050 1.4127862 58
1721113494398 1.4066738 59
1721113494738 1.4027758 60
1721113495067 1.3967407 61
1721113495415 1.3947496 62
1721113495748 1.3908999 63
1721113496179 1.3880728 0
1721113496516 1.3863705 1
1721113496864 1.3823032 2
1721113497222 1.3766229 3
1721113497580 1.3739905 4
1721113497929 1.3733835 5
1721113498281 1.3802404 6
1721113498631 1.3876543 7
1721113498980 1.3983198 8
1721113499331 1.4070048 9
1721113499681 1.4072008 10
1721113500044 1.400924 11
1721113500381 1.3934745 12
1721113500730 1.3893094 13
1721113501064 1.3869255 14
1721113501400 1.385469 15
1721113501749 1.3841848 16
1721113502097 1.3847749 17
1721113502432 1.3848429 18
1721113502781 1.3846594 19
1721113503130 1.3878073 20
1721113503465 1.3950632 21
1721113503829 1.3996131 22
1721113504180 1.4012864 23
1721113504531 1.400216 24
1721113504881 1.3969448 25
1721113505213 1.3952138 26
1721113505551 1.3923708 27
1721113505895 1.3882608 28
1721113506237 1.3860195 29
1721113506580 1.3820686 30
1721113506931 1.380601 31
1721113507282 1.3795509 32
1721113507614 1.3779062 33
1721113507964 1.3790143 34
1721113508299 1.3820555 35
1721113508781 1.3864435 36
1721113509116 1.3891041 37
1721113509464 1.3885357 38
1721113509800 1.3879191 39
1721113510161 1.3873737 40
1721113510514 1.386262 41
1721113510862 1.3853426 42
1721113511221 1.3848747 43
1721113511595 1.3856611 44
1721113511945 1.3853601 45
1721113512295 1.3852794 46
1721113512662 1.3863206 47
1721113513015 1.3885071 48
1721113513364 1.3896625 49
1721113513729 1.3918729 50
1721113514082 1.3940306 51
1721113514431 1.3955648 52
1721113514797 1.3965349 53
1721113515149 1.3966501 54
1721113515514 1.3948622 55
1721113515866 1.3926395 56
1721113516232 1.3892492 57
1721113516598 1.386354 58
1721113516948 1.3851902 59
1721113517316 1.3855512 60
1721113517666 1.3864102 61
1721113518046 1.3871074 62
1721113518429 1.3871825 63
1721113518877 1.3864279 0
1721113519295 1.3848469 1
1721113519678 1.3838277 2
1721113520049 1.3826114 3
1721113520431 1.3809249 4
1721113520813 1.3792691 5
1721113521195 1.3784864 6
1721113521581 1.3787436 7
1721113521947 1.3802392 8
1721113522345 1.3818307 9
1721113522729 1.3831317 10
1721113523097 1.3833108 11
1721113523495 1.3841062 12
1721113523895 1.3862171 13
1721113524264 1.3887296 14
1721113524648 1.3918989 15
1721113525013 1.3934036 16
1721113525395 1.3946979 17
1721113525778 1.3929629 18
1721113526147 1.3941199 19
1721113526530 1.3953929 20
1721113526915 1.395127 21
1721113527299 1.3960346 22
1721113527696 1.397838 23
1721113528096 1.395654 24
1721113528496 1.3905947 25
1721113528902 1.385905 26
1721113529315 1.3837998 27
1721113529728 1.3840413 28
1721113530128 1.3853585 29
1721113530506 1.3869534 30
1721113530896 1.3879699 31
1721113531285 1.3866386 32
1721113531679 1.3903058 33
1721113532078 1.3915362 34
1721113532495 1.3912816 35
1721113532887 1.3913043 36
1721113533296 1.3914578 37
1721113533687 1.3915513 38
1721113534057 1.391614 39
1721113534446 1.3917544 40
1721113534947 1.3921056 41
1721113535381 1.393031 42
1721113535776 1.3925643 43
1721113536213 1.3919587 44
1721113536643 1.3892981 45
1721113537109 1.38749 46
1721113537549 1.3855624 47
1721113537972 1.3842185 48
1721113538381 1.3843057 49
1721113538796 1.3850116 50
1721113539212 1.3857867 51
1721113539667 1.3866965 52
1721113540107 1.3882163 53
1721113540546 1.3897059 54
1721113540985 1.3908868 55
1721113541418 1.3922241 56
1721113541787 1.3923125 57
1721113542170 1.3913078 58
1721113542546 1.390319 59
1721113542925 1.3893914 60
1721113543306 1.387272 61
1721113543677 1.3851206 62
1721113544045 1.3845599 63
1721113544479 1.3840889 0
1721113544837 1.3846037 1
1721113545193 1.3858521 2
1721113545551 1.3864131 3
1721113545898 1.3866733 4
1721113546259 1.3870856 5
1721113546621 1.3865225 6
1721113547075 1.3859756 7
1721113547864 1.3856316 8
1721113548564 1.3849268 9
1721113549255 1.3845694 10
1721113549967 1.3844024 11
1721113550665 1.3843689 12
1721113551367 1.3845978 13
1721113551993 1.3854525 14
1721113552677 1.3863616 15
1721113553358 1.3869984 16
1721113554051 1.3875287 17
1721113554711 1.3872414 18
1721113555398 1.3866293 19
1721113556063 1.3859203 20
1721113556700 1.3844423 21
1721113557440 1.3836827 22
1721113558194 1.3831248 23
1721113558886 1.3829817 24
1721113559578 1.383095 25
1721113560248 1.382581 26
1721113560945 1.3823152 27
1721113561658 1.3824656 28
1721113562326 1.3831736 29
1721113563054 1.3841903 30
1721113563781 1.3856919 31
1721113564409 1.3870634 32
1721113565043 1.3877656 33
1721113565724 1.3886347 34
1721113566387 1.3890657 35
1721113567031 1.3894475 36
1721113567691 1.3893993 37
1721113568398 1.3890634 38
1721113569081 1.389081 39
1721113569794 1.3887382 40
1721113570472 1.388335 41
1721113571165 1.3881226 42
1721113571801 1.387712 43
1721113572440 1.3876718 44
1721113573110 1.3875285 45
1721113573770 1.3870091 46
1721113574462 1.386729 47
1721113575102 1.3862722 48
1721113575790 1.3862207 49
1721113576448 1.3860717 50
1721113577145 1.3856604 51
1721113577809 1.3854053 52
1721113578478 1.3852195 53
1721113579150 1.3850071 54
1721113579809 1.3852565 55
1721113580481 1.3851366 56
1721113581152 1.3857653 57
1721113581800 1.3858693 58
1721113582490 1.3863497 59
1721113583171 1.3868555 60
1721113583846 1.3869708 61
1721113584481 1.387362 62
1721113585122 1.3880303 63
1721113585982 1.3890972 0
1721113586639 1.3898025 1
1721113587328 1.3903289 2
1721113587948 1.3900166 3
1721113588643 1.3898826 4
1721113589274 1.3893772 5
1721113589933 1.3890297 6
1721113590599 1.3887249 7
1721113591260 1.3887641 8
1721113591926 1.3898766 9
1721113592628 1.3901825 10
1721113593299 1.3901289 11
1721113593967 1.3895633 12
1721113594586 1.3887122 13
1721113595247 1.3873787 14
1721113595921 1.3867459 15
1721113596614 1.3868446 16
1721113597267 1.3873019 17
1721113597927 1.387242 18
1721113598637 1.3868573 19
1721113599365 1.3863283 20
1721113600062 1.3862658 21
1721113600765 1.3857623 22
1721113601457 1.3849064 23
1721113602179 1.3840513 24
1721113602867 1.3838084 25
1721113603583 1.383055 26
1721113604344 1.3825445 27
1721113605064 1.3818427 28
1721113605799 1.3816589 29
1721113606601 1.3817835 30
1721113607352 1.3822501 31
1721113608078 1.3836102 32
1721113608447 1.386786 33
1721113608758 1.3895116 34
1721113609058 1.3906984 35
1721113609361 1.3912017 36
1721113609674 1.3904059 37
1721113609973 1.3898442 38
1721113610306 1.3895559 39
1721113610607 1.3889239 40
1721113610940 1.3890759 41
1721113611239 1.3900886 42
1721113611543 1.387398 43
1721113611920 1.3862348 44
1721113612224 1.3850937 45
1721113612540 1.3852255 46
1721113612860 1.3830467 47
1721113613192 1.382514 48
1721113613509 1.3823137 49
1721113613840 1.3823926 50
1721113614157 1.3828502 51
1721113614475 1.3831153 52
1721113614811 1.3822354 53
1721113615123 1.3818983 54
1721113615440 1.3832359 55
1721113615757 1.3844777 56
1721113616074 1.3842859 57
1721113616389 1.3847921 58
1721113616740 1.3843215 59
1721113617074 1.3856838 60
1721113617413 1.3852807 61
1721113617755 1.3881001 62
1721113618075 1.385956 63
