1721113473243 1.1601976 0
1721113473775 1.2150953 1
1721113474115 1.2554138 2
1721113474464 1.3028988 3
1721113474796 1.3637183 4
1721113475146 1.4135447 5
1721113475493 1.4208146 6
1721113475846 1.407625 7
1721113476179 1.4213437 8
1721113476530 1.4375606 9
1721113476893 1.4563363 10
1721113477240 1.4669251 11
1721113477599 1.4906018 12
1721113477952 1.5369807 13
1721113478328 1.5947845 14
1721113478679 1.6591187 15
1721113479031 1.7393878 16
1721113479410 1.7814553 17
1721113479749 1.7518156 18
1721113480097 1.691636 19
1721113480462 1.6713343 20
1721113480812 1.6858044 21
1721113481147 1.7003698 22
1721113481511 1.7535996 23
1721113481860 1.8426104 24
1721113482213 1.9326099 25
1721113482585 2.0474558 26
1721113482932 2.1542437 27
1721113483296 2.1700656 28
1721113483646 2.1171556 29
1721113483999 2.0393414 30
1721113484363 1.9804037 31
1721113484712 1.9706395 32
1721113485081 2.00289 33
1721113485430 2.0813951 34
1721113485778 2.187937 35
1721113486145 2.3010688 36
1721113486496 2.4358265 37
1721113486862 2.5755424 38
1721113487227 2.6822128 39
1721113487580 2.7282379 40
1721113487930 2.7251866 41
1721113488294 2.7146008 42
1721113488647 2.6716564 43
1721113489013 2.6148953 44
1721113489379 2.5695953 45
1721113489732 2.5490594 46
1721113490095 2.5449364 47
1721113490446 2.5572836 48
1721113490813 2.5899665 49
1721113491162 2.6028562 50
1721113491535 2.5980985 51
1721113491897 2.611129 52
1721113492246 2.6267512 53
1721113492612 2.6726236 54
1721113492980 2.7307055 55
1721113493336 2.7671657 56
1721113493695 2.733264 57
1721113494050 2.6338303 58
1721113494398 2.5755894 59
1721113494738 2.5288324 60
1721113495067 2.5047758 61
1721113495415 2.4821422 62
1721113495764 2.4672039 63
1721113496179 2.4580214 0
1721113496531 2.461284 1
1721113496864 2.4998035 2
1721113497222 2.5724525 3
1721113497580 2.6506197 4
1721113497929 2.7227314 5
1721113498281 2.741519 6
1721113498631 2.7121012 7
1721113498996 2.6479094 8
1721113499343 2.547678 9
1721113499681 2.4539099 10
1721113500044 2.3948717 11
1721113500381 2.369249 12
1721113500730 2.3634465 13
1721113501064 2.3610783 14
1721113501415 2.3715105 15
1721113501749 2.3972445 16
1721113502097 2.421171 17
1721113502448 2.4471755 18
1721113502797 2.471142 19
1721113503130 2.4712553 20
1721113503465 2.4351537 21
1721113503829 2.381184 22
1721113504180 2.321748 23
1721113504531 2.2745812 24
1721113504881 2.2385182 25
1721113505213 2.215013 26
1721113505551 2.2071726 27
1721113505895 2.2137222 28
1721113506248 2.2270062 29
1721113506596 2.24515 30
1721113506931 2.2668936 31
1721113507282 2.2869072 32
1721113507614 2.3095248 33
1721113507964 2.3257189 34
1721113508299 2.3197224 35
1721113508781 2.2906394 36
1721113509116 2.2551398 37
1721113509464 2.2299535 38
1721113509800 2.21612 39
1721113510161 2.2102656 40
1721113510514 2.2133455 41
1721113510862 2.223254 42
1721113511224 2.2373204 43
1721113511595 2.242407 44
1721113511960 2.2452536 45
1721113512295 2.241085 46
1721113512662 2.23241 47
1721113513015 2.2157059 48
1721113513364 2.1927981 49
1721113513729 2.1585684 50
1721113514082 2.115199 51
1721113514446 2.0695546 52
1721113514797 2.0217614 53
1721113515163 1.9975996 54
1721113515514 1.9835293 55
1721113515881 1.9829524 56
1721113516232 1.9978434 57
1721113516598 2.0200472 58
1721113516948 2.0425556 59
1721113517316 2.053292 60
1721113517666 2.0602994 61
1721113518046 2.0635893 62
1721113518429 2.061614 63
1721113518877 2.062737 0
1721113519295 2.0773559 1
1721113519678 2.1098669 2
1721113520049 2.140139 3
1721113520431 2.1752987 4
1721113520813 2.21279 5
1721113521195 2.2626796 6
1721113521581 2.3065398 7
1721113521947 2.336255 8
1721113522345 2.3513715 9
1721113522729 2.3590014 10
1721113523097 2.3537188 11
1721113523495 2.343617 12
1721113523895 2.32855 13
1721113524264 2.3092837 14
1721113524648 2.2874296 15
1721113525013 2.2693098 16
1721113525395 2.248986 17
1721113525780 2.2313044 18
1721113526147 2.2085724 19
1721113526530 2.1670167 20
1721113526915 2.1132057 21
1721113527299 2.0585508 22
1721113527696 2.0024211 23
1721113528096 1.9718547 24
1721113528496 1.971441 25
1721113528902 1.9907585 26
1721113529315 2.0115888 27
1721113529730 2.0400827 28
1721113530130 2.0636237 29
1721113530506 2.088559 30
1721113530896 2.1045716 31
1721113531296 2.1330206 32
1721113531679 2.1300528 33
1721113532086 2.1156461 34
1721113532496 2.1004958 35
1721113532896 2.0826607 36
1721113533297 2.0545206 37
1721113533687 2.020504 38
1721113534057 1.9890319 39
1721113534462 1.9580456 40
1721113534947 1.9207191 41
1721113535381 1.8822385 42
1721113535792 1.8434386 43
1721113536213 1.8113585 44
1721113536643 1.7979462 45
1721113537125 1.8019422 46
1721113537549 1.8168408 47
1721113537972 1.8418648 48
1721113538381 1.871248 49
1721113538796 1.8880051 50
1721113539212 1.8945591 51
1721113539667 1.8946123 52
1721113540107 1.8785706 53
1721113540546 1.8540695 54
1721113540985 1.8242893 55
1721113541420 1.786023 56
1721113541787 1.7491543 57
1721113542173 1.7275739 58
1721113542549 1.7119832 59
1721113542929 1.7005708 60
1721113543309 1.6986778 61
1721113543680 1.7146385 62
1721113544049 1.7427816 63
1721113544482 1.7804501 0
1721113544840 1.8140919 1
1721113545196 1.8329387 2
1721113545554 1.8378763 3
1721113545900 1.8300421 4
1721113546261 1.8234715 5
1721113546624 1.8200352 6
1721113547080 1.821198 7
1721113547869 1.8266661 8
1721113548570 1.8296659 9
1721113549260 1.830229 10
1721113549972 1.8315616 11
1721113550670 1.8300703 12
1721113551373 1.8298097 13
1721113551999 1.824342 14
1721113552683 1.8117784 15
1721113553364 1.795712 16
1721113554058 1.7752773 17
1721113554716 1.7606063 18
1721113555404 1.7472297 19
1721113556068 1.7393551 20
1721113556715 1.7308371 21
1721113557440 1.7232921 22
1721113558209 1.725066 23
1721113558886 1.7298965 24
1721113559593 1.7384822 25
1721113560268 1.7498904 26
1721113560961 1.7679142 27
1721113561674 1.7888162 28
1721113562326 1.807719 29
1721113563054 1.8155775 30
1721113563785 1.8107173 31
1721113564415 1.7971287 32
1721113565058 1.7763118 33
1721113565728 1.747698 34
1721113566403 1.7149003 35
1721113567031 1.6891446 36
1721113567691 1.6622481 37
1721113568415 1.6374912 38
1721113569081 1.6084282 39
1721113569799 1.5841525 40
1721113570476 1.56148 41
1721113571180 1.5400101 42
1721113571801 1.528749 43
1721113572448 1.5230776 44
1721113573111 1.5202689 45
1721113573786 1.5216074 46
1721113574462 1.5290437 47
1721113575118 1.5453194 48
1721113575795 1.5541124 49
1721113576448 1.564833 50
1721113577147 1.5837777 51
1721113577809 1.6055788 52
1721113578489 1.6227584 53
1721113579150 1.6325145 54
1721113579815 1.6441586 55
1721113580497 1.6451539 56
1721113581157 1.6430383 57
1721113581815 1.6329799 58
1721113582495 1.621793 59
1721113583181 1.6025496 60
1721113583853 1.5870379 61
1721113584481 1.5716567 62
1721113585127 1.5576053 63
1721113585982 1.5441515 0
1721113586639 1.5268481 1
1721113587332 1.5115802 2
1721113587948 1.5050185 3
1721113588644 1.504611 4
1721113589277 1.5069461 5
1721113589933 1.5175744 6
1721113590614 1.5316991 7
1721113591265 1.5433755 8
1721113591932 1.5477843 9
1721113592628 1.5443728 10
1721113593314 1.5491204 11
1721113593971 1.5533996 12
1721113594586 1.5685456 13
1721113595247 1.5882032 14
1721113595921 1.6035721 15
1721113596614 1.6125922 16
1721113597267 1.6062291 17
1721113597933 1.5917921 18
1721113598648 1.5767958 19
1721113599365 1.5580927 20
1721113600078 1.5418313 21
1721113600776 1.5267124 22
1721113601457 1.5217001 23
1721113602179 1.5166168 24
1721113602867 1.5231549 25
1721113603599 1.5425178 26
1721113604345 1.5695722 27
1721113605064 1.6024721 28
1721113605799 1.6323142 29
1721113606614 1.6562591 30
1721113607352 1.6777911 31
1721113608078 1.6803699 32
1721113608447 1.6665757 33
1721113608758 1.6316092 34
1721113609058 1.5875077 35
1721113609374 1.5461328 36
1721113609674 1.5132612 37
1721113609973 1.4875131 38
1721113610306 1.4642308 39
1721113610607 1.459177 40
1721113610940 1.4643862 41
1721113611239 1.467594 42
1721113611543 1.4761207 43
1721113611920 1.4719812 44
1721113612224 1.483259 45
1721113612540 1.4908304 46
1721113612874 1.519546 47
1721113613192 1.5433722 48
1721113613509 1.5728225 49
1721113613840 1.5978804 50
1721113614157 1.618093 51
1721113614475 1.6339507 52
1721113614811 1.6485274 53
1721113615123 1.6502758 54
1721113615440 1.6368002 55
1721113615757 1.6088784 56
1721113616074 1.5834556 57
1721113616404 1.5443382 58
1721113616740 1.5213115 59
1721113617074 1.508616 60
1721113617413 1.5131418 61
1721113617755 1.5063006 62
1721113618091 1.5242447 63
