1721202657216 0.5037816 0
1721202657550 0.45525944 1
1721202657871 0.4127397 2
1721202658194 0.37644273 3
1721202658523 0.34417123 4
1721202658843 0.31473717 5
1721202659164 0.29159462 6
1721202659485 0.2666236 7
1721202659810 0.2512867 8
1721202660145 0.22875857 9
1721202660463 0.21509658 10
1721202660794 0.19989361 11
1721202661110 0.18598834 12
1721202661430 0.17613728 13
1721202661750 0.16598763 14
1721202662067 0.1558363 15
1721202662387 0.14617056 16
1721202662704 0.13717942 17
1721202663023 0.1308604 18
1721202663346 0.12252922 19
1721202663663 0.11724437 20
1721202663984 0.110036634 21
1721202664305 0.10627228 22
1721202664630 0.100013316 23
1721202664953 0.09491443 24
1721202665279 0.09178344 25
1721202665622 0.088244185 26
1721202665954 0.08120852 27
1721202666283 0.07816537 28
1721202666617 0.07529515 29
1721202666951 0.07283326 30
1721202667284 0.069966875 31
1721202667617 0.06712779 32
1721202667954 0.06317011 33
1721202668290 0.06108831 34
1721202668630 0.059575334 35
1721202668971 0.058059912 36
1721202669318 0.05463876 37
1721202669667 0.053580597 38
1721202670054 0.05133531 39
1721202670446 0.051791564 40
1721202670801 0.049950104 41
1721202671151 0.04850248 42
1721202671498 0.046854977 43
1721202671848 0.045308225 44
1721202672210 0.043654732 45
1721202672561 0.042738464 46
1721202672912 0.042183407 47
1721202673274 0.041033447 48
1721202673631 0.039157376 49
1721202673990 0.04008881 50
1721202674353 0.037396424 51
1721202674716 0.036499448 52
1721202675379 0.03603083 53
1721202676104 0.034712277 54
1721202676771 0.034665078 55
1721202677450 0.033453576 56
1721202678108 0.03280503 57
1721202678810 0.031837054 58
1721202679479 0.032626193 59
1721202680143 0.031637687 60
1721202680854 0.030572167 61
1721202681577 0.02942604 62
1721202682302 0.028884737 63
1721202683250 0.029409116 0
1721202683929 0.029004982 1
1721202684616 0.02914545 2
1721202685313 0.027215406 3
1721202685974 0.026667163 4
1721202686662 0.026614526 5
1721202687351 0.026193434 6
1721202688020 0.02533446 7
1721202688661 0.02516139 8
1721202689349 0.024423404 9
1721202690011 0.024600131 10
1721202690692 0.024289802 11
1721202691360 0.023657458 12
1721202692042 0.022963705 13
1721202692718 0.02313819 14
1721202693379 0.02260209 15
1721202694078 0.022100661 16
1721202694720 0.021838102 17
1721202695356 0.021683332 18
1721202696021 0.021888833 19
1721202696707 0.020689234 20
1721202697419 0.020262657 21
1721202698076 0.019962724 22
1721202698715 0.019937512 23
1721202699433 0.020493796 24
1721202700130 0.02044412 25
1721202700800 0.018900063 26
1721202701454 0.019534882 27
1721202702133 0.019333094 28
1721202702775 0.018882118 29
1721202703357 0.018875262 30
1721202703975 0.01810146 31
1721202704634 0.01762904 32
1721202705215 0.017730584 33
1721202705878 0.017308453 34
1721202706788 0.01728584 35
1721202707449 0.017414369 36
1721202708094 0.016960585 37
1721202708733 0.016665073 38
1721202709354 0.016680568 39
1721202709948 0.016226266 40
1721202710574 0.015945183 41
1721202711160 0.016733646 42
1721202711742 0.015679203 43
1721202712404 0.015498413 44
1721202713022 0.015586619 45
1721202713647 0.016375514 46
1721202714299 0.015076701 47
1721202714936 0.014952382 48
1721202715551 0.014963773 49
1721202716208 0.014957672 50
1721202716926 0.014830835 51
1721202717565 0.014648947 52
1721202718230 0.014191311 53
1721202718850 0.013938443 54
1721202719617 0.013863955 55
1721202720262 0.014216539 56
1721202720919 0.014308582 57
1721202721603 0.013562861 58
1721202722249 0.013308194 59
1721202722903 0.013308617 60
1721202723647 0.013594622 61
1721202724326 0.013699846 62
1721202724993 0.012815594 63
1721202725857 0.013079502 0
1721202726507 0.013117427 1
1721202727165 0.012550218 2
1721202727827 0.013360224 3
1721202728540 0.012235186 4
1721202729217 0.01256468 5
1721202729885 0.012553819 6
1721202730554 0.011938807 7
1721202731219 0.012082577 8
1721202731891 0.011910595 9
1721202732553 0.011918033 10
1721202733228 0.012038419 11
1721202733886 0.011501432 12
1721202734557 0.011473811 13
1721202735228 0.011513978 14
1721202735890 0.011121271 15
1721202736562 0.011089322 16
1721202737228 0.011419872 17
1721202737887 0.011142827 18
1721202738581 0.010746638 19
1721202739247 0.01134332 20
1721202739926 0.0105833 21
1721202740594 0.010469087 22
1721202741268 0.011044461 23
1721202741930 0.010386656 24
1721202742627 0.01042034 25
1721202743309 0.010432073 26
1721202743961 0.010074352 27
1721202744643 0.010030466 28
1721202745291 0.00985929 29
1721202745928 0.010044105 30
1721202746551 0.009957001 31
1721202747207 0.009711869 32
1721202747838 0.009834882 33
1721202748465 0.010273773 34
1721202749134 0.009740675 35
1721202749761 0.009853275 36
1721202750381 0.009472793 37
1721202751011 0.009886555 38
1721202751602 0.009442479 39
1721202752243 0.00938466 40
1721202752845 0.009040435 41
1721202753472 0.009124502 42
1721202754092 0.009075004 43
1721202754766 0.008931676 44
1721202755443 0.008725325 45
1721202756137 0.008794434 46
1721202756811 0.0088244835 47
1721202757427 0.009097338 48
1721202757995 0.008657196 49
1721202758574 0.008574392 50
1721202759136 0.008809003 51
1721202759722 0.008486834 52
1721202760316 0.008356953 53
1721202760927 0.008222076 54
1721202761551 0.008096746 55
1721202762202 0.008012448 56
1721202762860 0.0082700085 57
1721202763493 0.00792238 58
1721202764113 0.008419895 59
1721202764723 0.007770746 60
1721202765315 0.0077640745 61
1721202765934 0.0077401125 62
1721202766560 0.0078023095 63
1721202767355 0.0076839305 0
1721202767963 0.0077643776 1
1721202768626 0.0074862125 2
1721202769251 0.0075043947 3
1721202769843 0.0074770856 4
1721202770520 0.0077108406 5
1721202771138 0.007257184 6
1721202771880 0.0075530065 7
1721202772468 0.0073903217 8
1721202773032 0.0073611443 9
1721202773664 0.007370263 10
1721202774316 0.007203888 11
1721202774960 0.0069779987 12
1721202775613 0.0070183994 13
1721202776240 0.007199562 14
1721202776902 0.006973909 15
1721202777564 0.0068281903 16
1721202778122 0.006823506 17
1721202778704 0.0067897746 18
1721202779328 0.006814148 19
1721202779929 0.0068778004 20
1721202780558 0.006618356 21
1721202781181 0.0065788836 22
1721202781838 0.006657722 23
1721202782414 0.006475478 24
1721202783000 0.006626536 25
1721202783591 0.0063471836 26
1721202784192 0.0064532575 27
1721202784844 0.0063146767 28
1721202785468 0.0062576826 29
1721202786085 0.006627819 30
1721202786724 0.006408929 31
1721202787350 0.006380003 32
1721202787940 0.0062272395 33
1721202788555 0.006177752 34
1721202789192 0.0062382496 35
1721202789834 0.0061357995 36
1721202790473 0.0060843183 37
1721202791130 0.006136379 38
1721202791787 0.0062322947 39
1721202792443 0.0060317875 40
1721202793095 0.005909437 41
1721202793732 0.005869025 42
1721202794378 0.005747124 43
1721202795005 0.005765423 44
1721202795653 0.0057162307 45
1721202796286 0.005874102 46
1721202796924 0.0057119997 47
1721202797592 0.0056166416 48
1721202798239 0.005625721 49
1721202798879 0.0055118706 50
1721202799514 0.0054523707 51
1721202800146 0.0055063576 52
1721202800794 0.005401135 53
1721202801467 0.005356124 54
1721202802111 0.0056127612 55
1721202802771 0.005421347 56
1721202803412 0.0054368423 57
1721202804035 0.0054644803 58
1721202804666 0.0052977656 59
1721202805288 0.0052086557 60
1721202805917 0.005532502 61
1721202806544 0.0052875164 62
1721202807148 0.005296889 63
1721202808049 0.005253455 0
1721202808711 0.0052751615 1
1721202809386 0.0050610304 2
1721202810088 0.0050641038 3
1721202810814 0.005129483 4
1721202811543 0.005115144 5
1721202812256 0.004953661 6
1721202812979 0.004890325 7
1721202813720 0.0049261777 8
1721202814459 0.0049205055 9
1721202815174 0.004981664 10
1721202815868 0.004816381 11
1721202816594 0.004984994 12
1721202817323 0.00489776 13
1721202817962 0.004786426 14
1721202818680 0.004785484 15
1721202819355 0.0046989913 16
1721202820030 0.004665399 17
1721202820651 0.004607167 18
1721202821288 0.0046085967 19
1721202821820 0.0048618107 20
1721202822484 0.0045672376 21
1721202823125 0.00453429 22
1721202823808 0.0045207744 23
1721202824482 0.004581402 24
1721202825021 0.0044279927 25
1721202825551 0.004439557 26
1721202826120 0.0045279237 27
1721202826685 0.0043487605 28
1721202827283 0.004495623 29
1721202827901 0.004389141 30
1721202828506 0.004294331 31
1721202829099 0.004336131 32
1721202829665 0.0042472035 33
1721202830245 0.0043462696 34
1721202830832 0.004359286 35
1721202831400 0.004177258 36
1721202832013 0.0043685064 37
1721202832661 0.0042223497 38
1721202833316 0.0041507846 39
1721202833974 0.0041141324 40
1721202834649 0.0045655654 41
1721202835123 0.004099615 42
1721202835494 0.004203192 43
1721202835820 0.0040769638 44
1721202836144 0.004025675 45
1721202836471 0.0039775837 46
1721202836805 0.0040382342 47
1721202837135 0.003975664 48
1721202837464 0.0043853745 49
1721202837803 0.0039961855 50
1721202838131 0.0039062337 51
1721202838463 0.003994637 52
1721202838801 0.0039817984 53
1721202839132 0.0039515747 54
1721202839464 0.0039450857 55
1721202839799 0.0038152589 56
1721202840138 0.0038314832 57
1721202840469 0.0037842887 58
1721202840813 0.0038572368 59
1721202841155 0.003733308 60
1721202841497 0.0036992023 61
1721202841837 0.003731651 62
1721202842172 0.0036605182 63
1721202842624 0.003725487 0
1721202842980 0.003681804 1
1721202843333 0.0036221328 2
1721202843680 0.0036097427 3
1721202844033 0.003695727 4
1721202844381 0.0036856208 5
1721202844726 0.0035806755 6
1721202845072 0.003695053 7
1721202845415 0.0036189721 8
1721202845770 0.0036221223 9
1721202846119 0.003535554 10
1721202846464 0.0036318544 11
1721202846818 0.0035809437 12
1721202847158 0.0034631614 13
1721202847498 0.0034529862 14
1721202848121 0.003530525 15
1721202848786 0.0034764789 16
1721202849493 0.0034220098 17
1721202850133 0.0033773854 18
1721202850777 0.0033703016 19
1721202851395 0.003331526 20
1721202852051 0.0033620407 21
1721202852706 0.0033123097 22
1721202853425 0.0033909767 23
1721202854095 0.0033669455 24
1721202854761 0.0033008154 25
1721202855384 0.0032574646 26
1721202856052 0.0032538823 27
1721202856737 0.0032391709 28
1721202857422 0.0033421598 29
1721202858051 0.0032416617 30
1721202858701 0.0032415474 31
1721202859302 0.0031609864 32
1721202859913 0.0031328194 33
1721202860549 0.0031202545 34
1721202861185 0.0031169874 35
1721202861813 0.0031224797 36
1721202862471 0.0030750534 37
1721202863115 0.0030546978 38
1721202863748 0.003110897 39
1721202864378 0.0030251045 40
1721202865026 0.0030264282 41
1721202865657 0.0030816568 42
1721202866298 0.0029869056 43
1721202866912 0.0030173294 44
1721202867535 0.0032781637 45
1721202868170 0.0029961935 46
1721202868790 0.0030187948 47
1721202869418 0.0029289918 48
1721202870030 0.002953138 49
1721202870657 0.003138863 50
1721202871285 0.0030383936 51
1721202871905 0.0029572658 52
1721202872527 0.003095711 53
1721202873134 0.0029318864 54
1721202873750 0.002905423 55
1721202874387 0.0029075013 56
1721202874974 0.002865988 57
1721202875584 0.0028649208 58
1721202876209 0.002814046 59
1721202876819 0.0028736792 60
1721202877413 0.0029905739 61
1721202878039 0.002840165 62
1721202878650 0.002816226 63
1721202879462 0.0027661761 0
1721202880116 0.002763932 1
1721202880749 0.0027351724 2
1721202881404 0.0028271836 3
1721202882042 0.002747875 4
1721202882679 0.0027217749 5
1721202883313 0.002739164 6
1721202883948 0.0027203383 7
1721202884590 0.0027046676 8
1721202885256 0.0026888656 9
1721202885865 0.0027213874 10
1721202886516 0.0026526412 11
1721202887121 0.0026983477 12
1721202887792 0.0027113461 13
1721202888444 0.0030319842 14
1721202889097 0.0026081465 15
1721202889670 0.0025913615 16
1721202890270 0.0025983637 17
1721202890868 0.0026654874 18
1721202891478 0.0026050357 19
1721202892107 0.0025414967 20
1721202892674 0.0025292817 21
1721202893378 0.002529871 22
1721202894004 0.0025166075 23
1721202894665 0.0025136622 24
1721202895377 0.0025678058 25
1721202896086 0.0026080117 26
1721202896730 0.0024749064 27
1721202897394 0.0025361907 28
1721202898016 0.0024664174 29
1721202898641 0.00243716 30
1721202899237 0.0024429339 31
1721202899870 0.0024541523 32
1721202900473 0.0024306413 33
1721202901152 0.0024095182 34
1721202901852 0.00243303 35
1721202902563 0.0024430805 36
1721202903252 0.0025453093 37
1721202903988 0.0024157332 38
1721202904720 0.0024184207 39
1721202905444 0.0023521797 40
1721202906123 0.0023470412 41
1721202906853 0.002351755 42
1721202907556 0.0023458172 43
1721202908192 0.0024446158 44
1721202908838 0.0023363724 45
1721202909484 0.002312049 46
1721202910158 0.002397666 47
1721202910799 0.0024638108 48
1721202911478 0.0022789454 49
1721202912165 0.0023176088 50
1721202912787 0.0023285248 51
1721202913431 0.0024025922 52
1721202914080 0.0022539753 53
1721202914687 0.0022721102 54
1721202915389 0.002225856 55
1721202916007 0.0022801622 56
1721202916700 0.0022495124 57
1721202917392 0.0022573743 58
1721202918130 0.002194329 59
1721202918875 0.002267564 60
1721202919623 0.0022389868 61
1721202920368 0.002180075 62
1721202920720 0.0021794855 63
1721202921090 0.0021975134 0
1721202921382 0.0021479654 1
1721202921675 0.0021441672 2
1721202921970 0.002185493 3
1721202922277 0.0021249542 4
1721202922578 0.0021166983 5
1721202922880 0.0021284283 6
1721202923181 0.0022616994 7
1721202923481 0.002089265 8
1721202923785 0.0021670335 9
1721202924092 0.0020933934 10
1721202924398 0.0021371588 11
1721202924703 0.002075537 12
1721202925016 0.002103378 13
1721202925321 0.0020799516 14
1721202925628 0.002141539 15
1721202925938 0.002172777 16
1721202926248 0.002113825 17
1721202926559 0.0020359175 18
1721202926878 0.0020163227 19
1721202927189 0.0020321207 20
1721202927501 0.0020146517 21
1721202927812 0.0019877246 22
1721202928123 0.0020158812 23
1721202928444 0.002012843 24
1721202928757 0.0020858399 25
1721202929071 0.0019617788 26
1721202929387 0.0021353993 27
1721202929708 0.0019599465 28
1721202930024 0.0019987593 29
1721202930342 0.0019680595 30
1721202930659 0.002043884 31
1721202930996 0.001946021 32
1721202931317 0.0019175988 33
1721202931636 0.001954763 34
1721202931956 0.0019542275 35
1721202932278 0.0019780395 36
1721202932597 0.0020411857 37
1721202932919 0.0018922944 38
1721202933239 0.0019145766 39
1721202933561 0.001871328 40
1721202933887 0.0019650932 41
1721202934211 0.0018729941 42
1721202934534 0.0019223079 43
1721202934862 0.001847003 44
1721202935189 0.0018873275 45
1721202935513 0.0018422222 46
1721202935835 0.0018574594 47
1721202936162 0.0018351411 48
1721202936489 0.0018174208 49
1721202936828 0.0018074577 50
1721202937276 0.0018140101 51
1721202937658 0.001910424 52
1721202938045 0.0017950237 53
1721202938426 0.0017964966 54
1721202938805 0.0018354803 55
1721202939186 0.0017853804 56
1721202939568 0.0018460193 57
1721202939981 0.0017716597 58
1721202940363 0.0017669392 59
1721202940749 0.0018265878 60
1721202941132 0.0017595931 61
1721202941511 0.0017495072 62
1721202941892 0.0017503183 63
1721202942334 0.0018714406 0
1721202942710 0.0017526076 1
1721202943087 0.0017412886 2
1721202943462 0.0017420438 3
1721202943856 0.0017261428 4
1721202944248 0.0017053221 5
1721202944637 0.0017059075 6
1721202945017 0.0017209627 7
1721202945396 0.0016830104 8
1721202945769 0.0016818508 9
1721202946146 0.0017309219 10
1721202946526 0.001687673 11
1721202946903 0.0017368704 12
1721202947285 0.0016850085 13
1721202947662 0.0017315362 14
1721202948038 0.0016765348 15
1721202948416 0.001705522 16
1721202948795 0.0016484677 17
1721202949174 0.0016381951 18
1721202949552 0.0016339459 19
1721202949931 0.0016246514 20
1721202950306 0.0016567206 21
1721202950701 0.001618974 22
1721202951077 0.001627121 23
1721202951452 0.0015971805 24
1721202951827 0.0015927812 25
1721202952204 0.0016199198 26
1721202952583 0.0016763761 27
1721202952961 0.001617577 28
1721202953336 0.001585204 29
1721202953720 0.0015699393 30
1721202954098 0.0015858578 31
1721202954477 0.001567287 32
1721202954858 0.0015613612 33
1721202955235 0.0015608597 34
1721202955611 0.0016403442 35
1721202955990 0.0016687856 36
1721202956363 0.0015671088 37
1721202956741 0.0015559995 38
1721202957121 0.0015308437 39
1721202957497 0.0015281565 40
1721202957873 0.0015616395 41
1721202958248 0.0015314952 42
1721202958625 0.0015772326 43
1721202959001 0.0015160476 44
1721202959375 0.0015039807 45
1721202959753 0.00155237 46
1721202960143 0.0015205116 47
1721202960520 0.0014915307 48
1721202960897 0.0015619834 49
1721202961273 0.0015545737 50
1721202961651 0.0015434832 51
1721202962029 0.001501555 52
1721202962405 0.0014712403 53
1721202962781 0.0014758107 54
1721202963158 0.0015924782 55
1721202963537 0.0015001995 56
1721202963913 0.001476084 57
1721202964290 0.0015156127 58
1721202964667 0.0014811347 59
1721202965043 0.0014447907 60
1721202965419 0.0014526396 61
1721202965794 0.0014336415 62
1721202966173 0.0014334318 63
1721202966633 0.0014578118 0
1721202967010 0.0014496018 1
1721202967390 0.0014816729 2
1721202967766 0.0014148123 3
1721202968145 0.0014435573 4
1721202968525 0.0014576653 5
1721202968902 0.0014086532 6
1721202969292 0.0014431446 7
1721202969677 0.0013972593 8
1721202970059 0.0014018037 9
1721202970437 0.0013942654 10
1721202970814 0.0014223988 11
1721202971195 0.0014484683 12
1721202971592 0.0013878975 13
1721202971971 0.0013701577 14
1721202972351 0.0013627568 15
1721202972735 0.0013581675 16
1721202973111 0.0013752286 17
1721202973493 0.0013505637 18
1721202973873 0.0013515735 19
1721202974254 0.0013514849 20
1721202974633 0.0013360522 21
1721202975016 0.0014799541 22
1721202975461 0.0013823136 23
1721202975838 0.0013626775 24
1721202976216 0.0013288984 25
1721202976598 0.0013225272 26
1721202976979 0.0013216971 27
1721202977359 0.0013265321 28
1721202977740 0.0013073207 29
1721202978122 0.0013076641 30
1721202978502 0.0013517567 31
1721202978903 0.0013047648 32
1721202979307 0.0013010628 33
1721202979715 0.0012890707 34
1721202980097 0.001289003 35
1721202980477 0.0013046663 36
1721202980861 0.0013717996 37
1721202981242 0.0012721475 38
1721202981624 0.0012679666 39
1721202982006 0.0012641619 40
1721202982388 0.0012591938 41
1721202982768 0.0012962383 42
1721202983149 0.0012733972 43
1721202983529 0.0012507744 44
1721202983907 0.0012706977 45
1721202984287 0.0013120078 46
1721202984666 0.0012657462 47
1721202985048 0.0012351705 48
1721202985433 0.0013216828 49
1721202985814 0.0012577999 50
1721202986192 0.0012267685 51
1721202986571 0.0013336111 52
1721202986956 0.0012267362 53
1721202987338 0.0012196068 54
1721202987717 0.0012219042 55
1721202988096 0.0012323898 56
1721202988479 0.0013188445 57
1721202988863 0.0012426265 58
1721202989246 0.0012517538 59
1721202989627 0.0012094907 60
1721202990008 0.0012397488 61
1721202990388 0.001235026 62
1721202990771 0.0011941695 63
