1721202657211 1.390374 0
1721202657546 1.3885765 1
1721202657867 1.3833034 2
1721202658190 1.386617 3
1721202658518 1.3935224 4
1721202658839 1.3918526 5
1721202659160 1.3895049 6
1721202659481 1.3877771 7
1721202659806 1.3844297 8
1721202660141 1.3818563 9
1721202660459 1.3795614 10
1721202660789 1.3774071 11
1721202661105 1.3842053 12
1721202661426 1.3976333 13
1721202661746 1.4021001 14
1721202662063 1.3996196 15
1721202662383 1.3957189 16
1721202662700 1.3919568 17
1721202663019 1.3927577 18
1721202663342 1.3925645 19
1721202663659 1.3929942 20
1721202663980 1.392602 21
1721202664300 1.391532 22
1721202664625 1.389796 23
1721202664948 1.3835871 24
1721202665274 1.3762298 25
1721202665608 1.3692015 26
1721202665949 1.3678493 27
1721202666279 1.3710284 28
1721202666612 1.3780048 29
1721202666947 1.3870679 30
1721202667279 1.3976179 31
1721202667613 1.4023496 32
1721202667949 1.399735 33
1721202668287 1.3954592 34
1721202668626 1.3915961 35
1721202668966 1.388633 36
1721202669313 1.3900081 37
1721202669662 1.3981991 38
1721202670046 1.4019034 39
1721202670439 1.395668 40
1721202670796 1.389075 41
1721202671146 1.3854777 42
1721202671494 1.3829508 43
1721202671843 1.3819171 44
1721202672206 1.3863556 45
1721202672557 1.3901613 46
1721202672907 1.3931 47
1721202673266 1.3940804 48
1721202673626 1.3951948 49
1721202673985 1.3948678 50
1721202674348 1.3932636 51
1721202674711 1.3915914 52
1721202675370 1.3893869 53
1721202676094 1.3873894 54
1721202676762 1.3862332 55
1721202677440 1.3841953 56
1721202678098 1.3823838 57
1721202678801 1.3821697 58
1721202679470 1.3834276 59
1721202680134 1.3838699 60
1721202680843 1.3834625 61
1721202681568 1.385392 62
1721202682293 1.386159 63
1721202683240 1.3865535 0
1721202683919 1.386365 1
1721202684606 1.3878636 2
1721202685303 1.3904548 3
1721202685965 1.3947127 4
1721202686652 1.3965107 5
1721202687342 1.3970814 6
1721202688009 1.3970201 7
1721202688651 1.3959205 8
1721202689337 1.3935664 9
1721202690002 1.3907382 10
1721202690683 1.3882822 11
1721202691350 1.3855118 12
1721202692032 1.3830023 13
1721202692709 1.3802288 14
1721202693369 1.3793011 15
1721202694068 1.3782223 16
1721202694707 1.377841 17
1721202695345 1.3810823 18
1721202696008 1.383385 19
1721202696694 1.386102 20
1721202697408 1.3882911 21
1721202698067 1.3881564 22
1721202698702 1.3871369 23
1721202699420 1.3863332 24
1721202700119 1.3845589 25
1721202700790 1.3849702 26
1721202701443 1.3865914 27
1721202702122 1.3878143 28
1721202702767 1.3904676 29
1721202703348 1.3921361 30
1721202703965 1.3951886 31
1721202704624 1.3968906 32
1721202705205 1.3963548 33
1721202705867 1.3948139 34
1721202706779 1.393038 35
1721202707439 1.3910091 36
1721202708083 1.3892207 37
1721202708724 1.3871982 38
1721202709345 1.3858602 39
1721202709939 1.3851994 40
1721202710565 1.3851769 41
1721202711150 1.3860012 42
1721202711732 1.3875531 43
1721202712395 1.3888686 44
1721202713013 1.3890549 45
1721202713637 1.3895913 46
1721202714290 1.38961 47
1721202714927 1.3891497 48
1721202715542 1.3884604 49
1721202716199 1.3880371 50
1721202716917 1.3874575 51
1721202717556 1.3868273 52
1721202718221 1.3866608 53
1721202718841 1.3864954 54
1721202719608 1.3862928 55
1721202720254 1.3864479 56
1721202720910 1.3871386 57
1721202721594 1.3900656 58
1721202722239 1.392387 59
1721202722892 1.3928063 60
1721202723638 1.3913438 61
1721202724316 1.389272 62
1721202724982 1.3879893 63
1721202725848 1.3864658 0
1721202726498 1.3863299 1
1721202727155 1.3875444 2
1721202727818 1.3895104 3
1721202728530 1.3902465 4
1721202729208 1.3895249 5
1721202729875 1.3879788 6
1721202730545 1.3862474 7
1721202731210 1.3848181 8
1721202731882 1.3833097 9
1721202732543 1.3825916 10
1721202733219 1.3823991 11
1721202733877 1.38325 12
1721202734547 1.3844501 13
1721202735218 1.3859532 14
1721202735880 1.3879907 15
1721202736552 1.3900659 16
1721202737218 1.3911132 17
1721202737878 1.3896046 18
1721202738571 1.3891169 19
1721202739237 1.3900888 20
1721202739916 1.3918362 21
1721202740583 1.3940809 22
1721202741259 1.3951219 23
1721202741920 1.3937529 24
1721202742618 1.3921478 25
1721202743301 1.3899472 26
1721202743951 1.387764 27
1721202744632 1.3871698 28
1721202745281 1.3868155 29
1721202745918 1.3863846 30
1721202746541 1.3859526 31
1721202747197 1.3857856 32
1721202747829 1.3854331 33
1721202748456 1.3848624 34
1721202749124 1.3847781 35
1721202749752 1.3845414 36
1721202750371 1.3846202 37
1721202751001 1.3848392 38
1721202751592 1.3860209 39
1721202752234 1.3876076 40
1721202752836 1.3882295 41
1721202753464 1.3886752 42
1721202754083 1.388205 43
1721202754757 1.3870302 44
1721202755433 1.3864064 45
1721202756128 1.3861225 46
1721202756801 1.3863914 47
1721202757419 1.3875809 48
1721202757987 1.3894627 49
1721202758564 1.3911517 50
1721202759128 1.3910784 51
1721202759713 1.3894969 52
1721202760306 1.3887663 53
1721202760918 1.3877915 54
1721202761542 1.3869399 55
1721202762192 1.3860905 56
1721202762851 1.3857856 57
1721202763484 1.3857269 58
1721202764103 1.3859427 59
1721202764713 1.3865993 60
1721202765306 1.3863716 61
1721202765924 1.3853669 62
1721202766550 1.3831317 63
1721202767345 1.3813508 0
1721202767954 1.3801239 1
1721202768617 1.3800445 2
1721202769241 1.3809011 3
1721202769833 1.3823481 4
1721202770511 1.38456 5
1721202771129 1.3860116 6
1721202771870 1.3867853 7
1721202772460 1.3865118 8
1721202773022 1.3865166 9
1721202773655 1.3864411 10
1721202774307 1.3875403 11
1721202774950 1.3894749 12
1721202775604 1.3918118 13
1721202776230 1.3935106 14
1721202776893 1.3945813 15
1721202777555 1.3937683 16
1721202778113 1.3925874 17
1721202778694 1.3908349 18
1721202779317 1.3893623 19
1721202779920 1.3879465 20
1721202780548 1.3867817 21
1721202781172 1.3860635 22
1721202781829 1.3848586 23
1721202782406 1.3841677 24
1721202782990 1.3831847 25
1721202783581 1.3827469 26
1721202784183 1.3820655 27
1721202784835 1.3822569 28
1721202785459 1.3833516 29
1721202786075 1.385436 30
1721202786714 1.3864901 31
1721202787342 1.3872992 32
1721202787930 1.3867269 33
1721202788546 1.3852547 34
1721202789182 1.3844874 35
1721202789825 1.3835756 36
1721202790463 1.383203 37
1721202791121 1.3831133 38
1721202791778 1.3853579 39
1721202792431 1.3896096 40
1721202793086 1.3935176 41
1721202793722 1.394516 42
1721202794369 1.393091 43
1721202794996 1.3925631 44
1721202795644 1.3908713 45
1721202796277 1.3891828 46
1721202796915 1.3871691 47
1721202797582 1.3857243 48
1721202798229 1.3843925 49
1721202798868 1.3830893 50
1721202799505 1.3822005 51
1721202800137 1.3813274 52
1721202800784 1.3804963 53
1721202801458 1.3791195 54
1721202802102 1.3778629 55
1721202802762 1.3774104 56
1721202803404 1.3785107 57
1721202804026 1.3818938 58
1721202804657 1.3877468 59
1721202805277 1.3932157 60
1721202805908 1.3943672 61
1721202806535 1.3933713 62
1721202807139 1.392293 63
1721202808039 1.3909129 0
1721202808703 1.3897717 1
1721202809377 1.3881813 2
1721202810078 1.3859951 3
1721202810805 1.3857381 4
1721202811534 1.3851876 5
1721202812248 1.386361 6
1721202812969 1.3903193 7
1721202813711 1.390711 8
1721202814449 1.3884351 9
1721202815164 1.387541 10
1721202815859 1.3874084 11
1721202816585 1.3870647 12
1721202817314 1.3868985 13
1721202817953 1.3864529 14
1721202818671 1.3865821 15
1721202819346 1.3869805 16
1721202820020 1.3878889 17
1721202820642 1.3897858 18
1721202821278 1.3922215 19
1721202821811 1.3927165 20
1721202822475 1.3910694 21
1721202823115 1.3884516 22
1721202823799 1.3852737 23
1721202824472 1.3826587 24
1721202825012 1.3814625 25
1721202825542 1.3818749 26
1721202826111 1.3831089 27
1721202826673 1.3853424 28
1721202827273 1.387339 29
1721202827891 1.3896766 30
1721202828498 1.3902044 31
1721202829090 1.3910916 32
1721202829657 1.3918056 33
1721202830236 1.3920047 34
1721202830823 1.3917282 35
1721202831390 1.390847 36
1721202832003 1.3900155 37
1721202832651 1.388242 38
1721202833307 1.3870313 39
1721202833964 1.3866571 40
1721202834640 1.3862836 41
1721202835119 1.3860178 42
1721202835490 1.3859591 43
1721202835816 1.3856837 44
1721202836139 1.3851557 45
1721202836466 1.3840083 46
1721202836800 1.3831053 47
1721202837131 1.3828392 48
1721202837460 1.3825276 49
1721202837798 1.3835583 50
1721202838126 1.3850913 51
1721202838458 1.3865521 52
1721202838796 1.3894589 53
1721202839127 1.3917391 54
1721202839460 1.3924471 55
1721202839794 1.3913748 56
1721202840133 1.3887612 57
1721202840464 1.3865111 58
1721202840808 1.3838136 59
1721202841151 1.3826467 60
1721202841493 1.3817596 61
1721202841832 1.3814592 62
1721202842167 1.3821251 63
1721202842619 1.3842025 0
1721202842975 1.3850771 1
1721202843327 1.3858321 2
1721202843675 1.3858857 3
1721202844028 1.3850689 4
1721202844376 1.3836026 5
1721202844721 1.3825948 6
1721202845067 1.3816981 7
1721202845410 1.3805962 8
1721202845765 1.3821386 9
1721202846114 1.383734 10
1721202846460 1.3875673 11
1721202846813 1.3901346 12
1721202847153 1.3901122 13
1721202847493 1.3904707 14
1721202848111 1.3903792 15
1721202848777 1.3899877 16
1721202849485 1.3887274 17
1721202850124 1.3879862 18
1721202850767 1.3864319 19
1721202851385 1.386298 20
1721202852042 1.3860604 21
1721202852696 1.386126 22
1721202853415 1.38714 23
1721202854085 1.3879161 24
1721202854752 1.3882804 25
1721202855374 1.3879287 26
1721202856042 1.3879025 27
1721202856728 1.3873101 28
1721202857413 1.3858199 29
1721202858041 1.3848113 30
1721202858692 1.3847735 31
1721202859293 1.3853717 32
1721202859904 1.3863127 33
1721202860539 1.3867171 34
1721202861176 1.3876064 35
1721202861804 1.3876908 36
1721202862463 1.3882681 37
1721202863106 1.3879396 38
1721202863738 1.3879361 39
1721202864369 1.387079 40
1721202865016 1.38712 41
1721202865647 1.3864076 42
1721202866290 1.385422 43
1721202866903 1.3856754 44
1721202867526 1.3859544 45
1721202868160 1.3855641 46
1721202868780 1.3865237 47
1721202869409 1.3885916 48
1721202870020 1.3893135 49
1721202870648 1.3896841 50
1721202871276 1.39049 51
1721202871896 1.3904567 52
1721202872518 1.389225 53
1721202873125 1.3877655 54
1721202873741 1.3860794 55
1721202874378 1.3842776 56
1721202874965 1.3832266 57
1721202875574 1.3821799 58
1721202876200 1.3813989 59
1721202876809 1.380164 60
1721202877403 1.3796978 61
1721202878030 1.3802979 62
1721202878641 1.3802164 63
1721202879453 1.3814907 0
1721202880105 1.3826852 1
1721202880740 1.3838714 2
1721202881394 1.3866744 3
1721202882032 1.3864033 4
1721202882669 1.3902557 5
1721202883302 1.393611 6
1721202883939 1.3955011 7
1721202884580 1.3956703 8
1721202885247 1.396595 9
1721202885856 1.3954153 10
1721202886507 1.39431 11
1721202887112 1.3929253 12
1721202887783 1.392109 13
1721202888434 1.3915801 14
1721202889087 1.3901868 15
1721202889660 1.3897852 16
1721202890260 1.3888078 17
1721202890859 1.3886912 18
1721202891468 1.3888242 19
1721202892097 1.3886213 20
1721202892665 1.3893819 21
1721202893367 1.3895941 22
1721202893995 1.389491 23
1721202894656 1.3892384 24
1721202895368 1.3888471 25
1721202896076 1.3879697 26
1721202896721 1.3873286 27
1721202897385 1.3864081 28
1721202898007 1.3856089 29
1721202898629 1.3854729 30
1721202899228 1.3856792 31
1721202899861 1.3861604 32
1721202900464 1.386298 33
1721202901142 1.3864055 34
1721202901842 1.386431 35
1721202902553 1.3866487 36
1721202903242 1.387081 37
1721202903979 1.3867707 38
1721202904711 1.3866699 39
1721202905435 1.3865881 40
1721202906114 1.387002 41
1721202906844 1.3884766 42
1721202907546 1.391501 43
1721202908182 1.3933985 44
1721202908829 1.3939979 45
1721202909475 1.3930209 46
1721202910149 1.3921486 47
1721202910791 1.3902452 48
1721202911467 1.388073 49
1721202912156 1.3858366 50
1721202912779 1.3839614 51
1721202913422 1.382639 52
1721202914072 1.3830092 53
1721202914678 1.3846595 54
1721202915380 1.38537 55
1721202915998 1.3854897 56
1721202916691 1.3851161 57
1721202917383 1.3846525 58
1721202918120 1.3843915 59
1721202918866 1.3846366 60
1721202919614 1.3852267 61
1721202920359 1.3855846 62
1721202920716 1.3858883 63
1721202921086 1.386663 0
1721202921377 1.3879619 1
1721202921671 1.3891029 2
1721202921966 1.3894248 3
1721202922272 1.3895326 4
1721202922574 1.3892417 5
1721202922876 1.3889959 6
1721202923176 1.3880799 7
1721202923477 1.3878806 8
1721202923780 1.3863132 9
1721202924088 1.3864931 10
1721202924393 1.3861942 11
1721202924698 1.3862865 12
1721202925012 1.3871679 13
1721202925317 1.3875508 14
1721202925624 1.387691 15
1721202925934 1.3865738 16
1721202926243 1.3861029 17
1721202926555 1.3860421 18
1721202926873 1.3853087 19
1721202927184 1.3849071 20
1721202927496 1.383908 21
1721202927808 1.3835666 22
1721202928119 1.3826169 23
1721202928440 1.3821824 24
1721202928753 1.3827549 25
1721202929067 1.3837006 26
1721202929383 1.3841751 27
1721202929703 1.3851378 28
1721202930019 1.385155 29
1721202930337 1.3848575 30
1721202930653 1.3845606 31
1721202930991 1.3836303 32
1721202931312 1.3834021 33
1721202931632 1.3831131 34
1721202931951 1.3828102 35
1721202932273 1.382822 36
1721202932593 1.3908014 37
1721202932914 1.3918359 38
1721202933234 1.3932784 39
1721202933556 1.3936862 40
1721202933882 1.3956378 41
1721202934206 1.3948667 42
1721202934529 1.3940694 43
1721202934857 1.3922571 44
1721202935184 1.3910422 45
1721202935508 1.3891096 46
1721202935831 1.3877983 47
1721202936157 1.386488 48
1721202936485 1.385431 49
1721202936823 1.3850946 50
1721202937271 1.3851224 51
1721202937652 1.3850543 52
1721202938039 1.384832 53
1721202938420 1.3846217 54
1721202938800 1.3839078 55
1721202939180 1.3836045 56
1721202939562 1.3834615 57
1721202939975 1.3826182 58
1721202940357 1.3819648 59
1721202940744 1.3811438 60
1721202941126 1.38083 61
1721202941506 1.3803451 62
1721202941887 1.3812943 63
1721202942329 1.3801296 0
1721202942705 1.3788385 1
1721202943082 1.3788445 2
1721202943456 1.3795674 3
1721202943851 1.3810372 4
1721202944243 1.380234 5
1721202944631 1.3800478 6
1721202945012 1.3781964 7
1721202945391 1.3833257 8
1721202945764 1.3880754 9
1721202946141 1.3888245 10
1721202946520 1.3903432 11
1721202946897 1.3890893 12
1721202947280 1.3885518 13
1721202947657 1.3873556 14
1721202948033 1.3847607 15
1721202948411 1.382624 16
1721202948790 1.383675 17
1721202949168 1.3829174 18
1721202949547 1.3806989 19
1721202949926 1.3772349 20
1721202950301 1.3704782 21
1721202950695 1.3708526 22
1721202951072 1.3685722 23
1721202951446 1.3736105 24
1721202951821 1.3763838 25
1721202952198 1.3742433 26
1721202952578 1.3751588 27
1721202952956 1.3862547 28
1721202953331 1.3919977 29
1721202953714 1.3866299 30
1721202954092 1.3822882 31
1721202954472 1.3796616 32
1721202954852 1.3785849 33
1721202955229 1.3758206 34
1721202955605 1.3750632 35
1721202955984 1.3721318 36
1721202956357 1.3685246 37
1721202956736 1.3688476 38
1721202957116 1.3690662 39
1721202957491 1.3700002 40
1721202957868 1.3648527 41
1721202958242 1.360888 42
1721202958619 1.359665 43
1721202958995 1.3526857 44
1721202959369 1.3534541 45
1721202959747 1.3666236 46
1721202960137 1.367918 47
1721202960515 1.3589835 48
1721202960891 1.3582402 49
1721202961268 1.3596504 50
1721202961646 1.356557 51
1721202962024 1.3517325 52
1721202962400 1.365762 53
1721202962775 1.3510158 54
1721202963153 1.3452904 55
1721202963532 1.3264079 56
1721202963908 1.3227556 57
1721202964285 1.3188152 58
1721202964661 1.3015039 59
1721202965038 1.3230255 60
1721202965413 1.3210638 61
1721202965789 1.3441646 62
1721202966168 1.3723004 63
1721202966628 1.3677392 0
1721202967005 1.3780918 1
1721202967385 1.3854945 2
1721202967760 1.3901649 3
1721202968140 1.3895857 4
1721202968519 1.3903046 5
1721202968896 1.3909787 6
1721202969287 1.391888 7
1721202969672 1.3900292 8
1721202970053 1.3934412 9
1721202970432 1.3938745 10
1721202970809 1.392938 11
1721202971189 1.3924152 12
1721202971586 1.3937771 13
1721202971966 1.3940403 14
1721202972346 1.3920667 15
1721202972730 1.3909658 16
1721202973105 1.3906449 17
1721202973488 1.3906231 18
1721202973867 1.3927915 19
1721202974249 1.3916343 20
1721202974628 1.3911747 21
1721202975011 1.3922229 22
1721202975456 1.3894055 23
1721202975833 1.3904774 24
1721202976210 1.3902676 25
1721202976593 1.3910891 26
1721202976973 1.3888601 27
1721202977353 1.389432 28
1721202977735 1.3896421 29
1721202978116 1.387667 30
1721202978497 1.3880267 31
1721202978897 1.3882593 32
1721202979300 1.387322 33
1721202979710 1.386946 34
1721202980091 1.3866348 35
1721202980472 1.3867598 36
1721202980855 1.3872386 37
1721202981236 1.387212 38
1721202981619 1.3866212 39
1721202982001 1.387121 40
1721202982382 1.3872082 41
1721202982763 1.3867434 42
1721202983144 1.3874081 43
1721202983524 1.3869241 44
1721202983901 1.3871595 45
1721202984282 1.3874174 46
1721202984660 1.3868358 47
1721202985042 1.3880665 48
1721202985427 1.3874767 49
1721202985808 1.3865998 50
1721202986186 1.38712 51
1721202986565 1.3872333 52
1721202986950 1.3866954 53
1721202987333 1.3864748 54
1721202987711 1.3867913 55
1721202988090 1.3866168 56
1721202988474 1.386322 57
1721202988857 1.3865075 58
1721202989240 1.3863983 59
1721202989622 1.3862288 60
1721202990003 1.3862789 61
1721202990383 1.3860669 62
1721202990766 1.3875445 63
