1721202657214 1.0411422 0
1721202657548 1.116589 1
1721202657869 1.1748334 2
1721202658193 1.208872 3
1721202658521 1.2270561 4
1721202658842 1.2772901 5
1721202659163 1.3129652 6
1721202659483 1.3070073 7
1721202659809 1.3104981 8
1721202660143 1.3079839 9
1721202660462 1.3261096 10
1721202660792 1.3999059 11
1721202661108 1.45398 12
1721202661429 1.4436795 13
1721202661749 1.48962 14
1721202662065 1.6046109 15
1721202662385 1.7291478 16
1721202662702 1.8393097 17
1721202663021 1.8975067 18
1721202663344 1.913368 19
1721202663661 1.9030436 20
1721202663983 1.8695867 21
1721202664303 1.8225448 22
1721202664628 1.7679955 23
1721202664951 1.7639136 24
1721202665277 1.8164444 25
1721202665620 1.8975933 26
1721202665952 1.9908836 27
1721202666281 2.0835986 28
1721202666615 2.1473863 29
1721202666949 2.17556 30
1721202667282 2.155354 31
1721202667615 2.1175027 32
1721202667952 2.1052778 33
1721202668289 2.1274445 34
1721202668628 2.1937938 35
1721202668969 2.2575417 36
1721202669315 2.305866 37
1721202669665 2.3142421 38
1721202670050 2.315419 39
1721202670443 2.3393488 40
1721202670799 2.4178555 41
1721202671149 2.511174 42
1721202671496 2.6077614 43
1721202671845 2.6867669 44
1721202672208 2.7214713 45
1721202672559 2.7327979 46
1721202672910 2.7085543 47
1721202673272 2.6519701 48
1721202673629 2.5594137 49
1721202673988 2.451266 50
1721202674351 2.3524237 51
1721202674714 2.2484214 52
1721202675374 2.1525476 53
1721202676099 2.0681567 54
1721202676767 2.0158885 55
1721202677445 2.0144725 56
1721202678103 2.042307 57
1721202678806 2.088431 58
1721202679475 2.1257834 59
1721202680139 2.166895 60
1721202680849 2.2146988 61
1721202681573 2.2457476 62
1721202682298 2.2691615 63
1721202683245 2.2893581 0
1721202683924 2.31995 1
1721202684611 2.3477888 2
1721202685308 2.355288 3
1721202685970 2.3322346 4
1721202686657 2.2923121 5
1721202687347 2.2636142 6
1721202688015 2.2377434 7
1721202688656 2.2025146 8
1721202689343 2.1732783 9
1721202690007 2.158351 10
1721202690687 2.1517467 11
1721202691355 2.1672144 12
1721202692037 2.1847503 13
1721202692713 2.2073028 14
1721202693374 2.2314973 15
1721202694073 2.2476568 16
1721202694714 2.258021 17
1721202695350 2.2568715 18
1721202696014 2.249876 19
1721202696702 2.228898 20
1721202697414 2.1981187 21
1721202698072 2.182986 22
1721202698708 2.176659 23
1721202699427 2.1744962 24
1721202700124 2.1833427 25
1721202700795 2.1920843 26
1721202701449 2.172266 27
1721202702128 2.1807852 28
1721202702771 2.168416 29
1721202703352 2.1447132 30
1721202703970 2.1002529 31
1721202704629 2.0550056 32
1721202705210 2.0187888 33
1721202705872 1.987482 34
1721202706783 1.956185 35
1721202707444 1.9320138 36
1721202708088 1.9180052 37
1721202708729 1.9111016 38
1721202709349 1.9133492 39
1721202709944 1.9192317 40
1721202710570 1.9248941 41
1721202711155 1.9268314 42
1721202711737 1.9150376 43
1721202712400 1.8971113 44
1721202713018 1.879803 45
1721202713642 1.8626031 46
1721202714295 1.8455193 47
1721202714931 1.8331422 48
1721202715547 1.826485 49
1721202716203 1.8190732 50
1721202716923 1.812583 51
1721202717561 1.811761 52
1721202718226 1.8098847 53
1721202718846 1.8071029 54
1721202719613 1.804527 55
1721202720258 1.7981652 56
1721202720915 1.7804885 57
1721202721599 1.7459204 58
1721202722244 1.6989691 59
1721202722898 1.6525575 60
1721202723643 1.6240661 61
1721202724321 1.6133262 62
1721202724988 1.6329803 63
1721202725853 1.6670358 0
1721202726502 1.694283 1
1721202727160 1.709343 2
1721202727823 1.7057776 3
1721202728535 1.6936535 4
1721202729212 1.6864831 5
1721202729880 1.6961411 6
1721202730549 1.7172723 7
1721202731215 1.7466581 8
1721202731886 1.7745218 9
1721202732547 1.7945039 10
1721202733224 1.8095765 11
1721202733881 1.8099809 12
1721202734552 1.8063439 13
1721202735223 1.7921872 14
1721202735885 1.7691128 15
1721202736557 1.7473769 16
1721202737223 1.7213187 17
1721202737883 1.7060165 18
1721202738576 1.7016966 19
1721202739242 1.6963935 20
1721202739921 1.6741698 21
1721202740588 1.6427467 22
1721202741264 1.6050582 23
1721202741925 1.5855806 24
1721202742623 1.5763885 25
1721202743305 1.5859737 26
1721202743956 1.6034939 27
1721202744637 1.6162618 28
1721202745286 1.627596 29
1721202745923 1.6375633 30
1721202746546 1.640626 31
1721202747202 1.64848 32
1721202747834 1.6579981 33
1721202748461 1.6694068 34
1721202749129 1.6751602 35
1721202749757 1.6788132 36
1721202750376 1.6782293 37
1721202751006 1.6735833 38
1721202751597 1.6567066 39
1721202752239 1.6251442 40
1721202752841 1.5896289 41
1721202753469 1.5629745 42
1721202754088 1.550307 43
1721202754762 1.5463247 44
1721202755438 1.5492808 45
1721202756133 1.5547789 46
1721202756806 1.5598605 47
1721202757423 1.5562387 48
1721202757991 1.5403614 49
1721202758569 1.5146797 50
1721202759132 1.49557 51
1721202759717 1.4837122 52
1721202760311 1.4767648 53
1721202760922 1.4709778 54
1721202761547 1.4695535 55
1721202762197 1.4717162 56
1721202762856 1.4755529 57
1721202763489 1.4765393 58
1721202764108 1.4673536 59
1721202764718 1.4561274 60
1721202765311 1.4431095 61
1721202765929 1.4417491 62
1721202766555 1.4645147 63
1721202767351 1.5100632 0
1721202767959 1.5562029 1
1721202768622 1.5902773 2
1721202769246 1.6091988 3
1721202769838 1.623281 4
1721202770515 1.617641 5
1721202771134 1.5987142 6
1721202771875 1.5683259 7
1721202772464 1.5473175 8
1721202773027 1.5396693 9
1721202773660 1.5353384 10
1721202774311 1.5296383 11
1721202774955 1.5193493 12
1721202775608 1.5023575 13
1721202776235 1.472162 14
1721202776898 1.4346077 15
1721202777560 1.4018779 16
1721202778118 1.3838569 17
1721202778699 1.3754425 18
1721202779322 1.3761988 19
1721202779925 1.3814332 20
1721202780553 1.3970873 21
1721202781176 1.4117072 22
1721202781834 1.4314632 23
1721202782410 1.4568448 24
1721202782995 1.48082 25
1721202783586 1.5080717 26
1721202784188 1.532762 27
1721202784840 1.556103 28
1721202785464 1.5644557 29
1721202786080 1.5569648 30
1721202786719 1.5480328 31
1721202787346 1.5319118 32
1721202787935 1.5224451 33
1721202788551 1.530554 34
1721202789187 1.543277 35
1721202789830 1.5749153 36
1721202790469 1.6096193 37
1721202791126 1.6513675 38
1721202791783 1.6782966 39
1721202792436 1.6654062 40
1721202793090 1.6040092 41
1721202793728 1.5295529 42
1721202794374 1.4638796 43
1721202795001 1.3971481 44
1721202795649 1.3490827 45
1721202796282 1.3224864 46
1721202796920 1.3191159 47
1721202797587 1.3260224 48
1721202798234 1.3415866 49
1721202798873 1.3698723 50
1721202799509 1.4053693 51
1721202800142 1.4432645 52
1721202800790 1.4943066 53
1721202801462 1.5513232 54
1721202802106 1.6120583 55
1721202802767 1.676724 56
1721202803408 1.7316326 57
1721202804031 1.7592494 58
1721202804662 1.7519133 59
1721202805282 1.7141666 60
1721202805912 1.6737671 61
1721202806540 1.6453607 62
1721202807144 1.6277547 63
1721202808044 1.6199565 0
1721202808707 1.6224068 1
1721202809381 1.6369519 2
1721202810083 1.6579051 3
1721202810810 1.6729105 4
1721202811538 1.6899084 5
1721202812252 1.7054484 6
1721202812974 1.7173951 7
1721202813716 1.7267181 8
1721202814454 1.7463365 9
1721202815169 1.756046 10
1721202815864 1.7622032 11
1721202816590 1.767446 12
1721202817319 1.775188 13
1721202817957 1.7716883 14
1721202818676 1.7698973 15
1721202819351 1.7608706 16
1721202820025 1.7485094 17
1721202820647 1.7268817 18
1721202821283 1.7016972 19
1721202821815 1.6739564 20
1721202822480 1.670321 21
1721202823120 1.6963749 22
1721202823804 1.7536309 23
1721202824477 1.8207316 24
1721202825017 1.8909707 25
1721202825547 1.9420199 26
1721202826116 1.9697934 27
1721202826681 1.9688897 28
1721202827278 1.9467233 29
1721202827896 1.9152544 30
1721202828502 1.8774331 31
1721202829095 1.8305552 32
1721202829661 1.7770445 33
1721202830241 1.722245 34
1721202830827 1.6784606 35
1721202831395 1.6445343 36
1721202832009 1.6158102 37
1721202832657 1.6022432 38
1721202833312 1.5923941 39
1721202833969 1.5876334 40
1721202834645 1.5821933 41
1721202835122 1.5809565 42
1721202835492 1.5741477 43
1721202835818 1.5675466 44
1721202836142 1.5626647 45
1721202836468 1.5726051 46
1721202836803 1.5910501 47
1721202837133 1.6094139 48
1721202837462 1.6305163 49
1721202837801 1.6497707 50
1721202838129 1.6548069 51
1721202838461 1.6541574 52
1721202838799 1.6322048 53
1721202839130 1.592134 54
1721202839462 1.5401587 55
1721202839797 1.4980448 56
1721202840136 1.4726136 57
1721202840467 1.4706239 58
1721202840811 1.4857024 59
1721202841153 1.5195978 60
1721202841495 1.557651 61
1721202841834 1.596384 62
1721202842170 1.6271279 63
1721202842622 1.6410154 0
1721202842978 1.6634749 1
1721202843330 1.694243 2
1721202843678 1.7291628 3
1721202844030 1.7581446 4
1721202844379 1.7947557 5
1721202844724 1.8249823 6
1721202845070 1.8524983 7
1721202845413 1.8811746 8
1721202845767 1.8957148 9
1721202846117 1.9005017 10
1721202846463 1.8851469 11
1721202846815 1.8551767 12
1721202847156 1.8233474 13
1721202847496 1.7839972 14
1721202848116 1.7475418 15
1721202848782 1.7173412 16
1721202849489 1.6979104 17
1721202850129 1.6840587 18
1721202850773 1.676471 19
1721202851390 1.6697732 20
1721202852047 1.6702368 21
1721202852702 1.6748428 22
1721202853420 1.6758432 23
1721202854090 1.6705508 24
1721202854757 1.6653409 25
1721202855379 1.6650379 26
1721202856047 1.6682545 27
1721202856733 1.6772156 28
1721202857417 1.6979544 29
1721202858047 1.7270441 30
1721202858697 1.7518103 31
1721202859298 1.7697229 32
1721202859908 1.7675116 33
1721202860544 1.7662544 34
1721202861181 1.7575845 35
1721202861809 1.7466798 36
1721202862467 1.7288768 37
1721202863111 1.7117352 38
1721202863744 1.6996441 39
1721202864374 1.6904474 40
1721202865021 1.6788241 41
1721202865652 1.6686811 42
1721202866295 1.6624031 43
1721202866908 1.6418943 44
1721202867531 1.6183841 45
1721202868165 1.5994055 46
1721202868786 1.5780904 47
1721202869413 1.553664 48
1721202870025 1.5268464 49
1721202870652 1.5063477 50
1721202871280 1.4876091 51
1721202871900 1.4717776 52
1721202872522 1.4727757 53
1721202873129 1.4785786 54
1721202873745 1.4905667 55
1721202874383 1.5089699 56
1721202874969 1.530137 57
1721202875579 1.5520103 58
1721202876204 1.574749 59
1721202876815 1.6061888 60
1721202877408 1.6423985 61
1721202878034 1.6711733 62
1721202878646 1.6976322 63
1721202879458 1.7089429 0
1721202880110 1.712935 1
1721202880745 1.7182893 2
1721202881399 1.7016058 3
1721202882038 1.6987721 4
1721202882674 1.6733718 5
1721202883307 1.6396298 6
1721202883944 1.5993747 7
1721202884585 1.563746 8
1721202885252 1.5196805 9
1721202885861 1.4849265 10
1721202886512 1.4549261 11
1721202887117 1.4276356 12
1721202887787 1.4083805 13
1721202888439 1.3956437 14
1721202889092 1.3995363 15
1721202889665 1.3962723 16
1721202890265 1.3946121 17
1721202890864 1.3957912 18
1721202891473 1.3967518 19
1721202892102 1.3911145 20
1721202892670 1.3827375 21
1721202893372 1.3721634 22
1721202893999 1.3666685 23
1721202894661 1.3598635 24
1721202895373 1.3545449 25
1721202896081 1.3640261 26
1721202896725 1.3810279 27
1721202897389 1.3997076 28
1721202898012 1.4250594 29
1721202898636 1.4460452 30
1721202899233 1.4698787 31
1721202899866 1.480572 32
1721202900469 1.4864719 33
1721202901147 1.4859253 34
1721202901847 1.4823586 35
1721202902558 1.478946 36
1721202903247 1.472151 37
1721202903984 1.4737439 38
1721202904716 1.4729431 39
1721202905439 1.4792408 40
1721202906118 1.4804696 41
1721202906848 1.4661541 42
1721202907551 1.4343429 43
1721202908187 1.4022248 44
1721202908834 1.3892379 45
1721202909480 1.388298 46
1721202910153 1.3935106 47
1721202910795 1.4088368 48
1721202911473 1.4363203 49
1721202912160 1.4735059 50
1721202912783 1.5170382 51
1721202913427 1.5612164 52
1721202914076 1.5875502 53
1721202914683 1.585825 54
1721202915385 1.5767777 55
1721202916003 1.5679777 56
1721202916696 1.5680759 57
1721202917387 1.5707027 58
1721202918125 1.5757382 59
1721202918871 1.5791231 60
1721202919619 1.5869498 61
1721202920364 1.5962679 62
1721202920719 1.5972934 63
1721202921088 1.5944086 0
1721202921380 1.5857321 1
1721202921673 1.5710037 2
1721202921968 1.5586741 3
1721202922275 1.5493073 4
1721202922576 1.5437806 5
1721202922878 1.5446513 6
1721202923179 1.5495471 7
1721202923480 1.5651958 8
1721202923783 1.5886927 9
1721202924090 1.6072935 10
1721202924396 1.6243172 11
1721202924701 1.639837 12
1721202925014 1.6442583 13
1721202925319 1.6438967 14
1721202925626 1.6392801 15
1721202925936 1.6411662 16
1721202926246 1.6387365 17
1721202926557 1.6333243 18
1721202926876 1.628711 19
1721202927187 1.6274776 20
1721202927499 1.636153 21
1721202927810 1.6416445 22
1721202928121 1.6455309 23
1721202928442 1.6488233 24
1721202928755 1.6460683 25
1721202929069 1.6452556 26
1721202929385 1.6405818 27
1721202929706 1.652518 28
1721202930022 1.6472874 29
1721202930340 1.6357061 30
1721202930656 1.6159925 31
1721202930994 1.6438428 32
1721202931314 1.6473197 33
1721202931634 1.6414917 34
1721202931954 1.6576581 35
1721202932276 1.6925671 36
1721202932595 1.6260207 37
1721202932917 1.6124154 38
1721202933237 1.5957272 39
1721202933559 1.5691648 40
1721202933885 1.5180914 41
1721202934208 1.4745588 42
1721202934532 1.4332141 43
1721202934860 1.4174235 44
1721202935187 1.4136038 45
1721202935511 1.4298896 46
1721202935833 1.4531157 47
1721202936159 1.4859397 48
1721202936487 1.521595 49
1721202936825 1.5521679 50
1721202937274 1.575798 51
1721202937656 1.6009562 52
1721202938042 1.6204063 53
1721202938423 1.6327114 54
1721202938803 1.6491053 55
1721202939183 1.6611564 56
1721202939565 1.6648192 57
1721202939978 1.6778969 58
1721202940360 1.6900439 59
1721202940747 1.7070036 60
1721202941129 1.7231255 61
1721202941509 1.7373466 62
1721202941890 1.742753 63
1721202942332 1.7513974 0
1721202942707 1.7708955 1
1721202943085 1.7946355 2
1721202943459 1.8143564 3
1721202943854 1.8200593 4
1721202944246 1.826186 5
1721202944634 1.8299015 6
1721202945014 1.8603234 7
1721202945393 1.8548436 8
1721202945766 1.8320477 9
1721202946144 1.8176684 10
1721202946523 1.7860835 11
1721202946900 1.7577555 12
1721202947283 1.7344701 13
1721202947660 1.7192535 14
1721202948036 1.7178307 15
1721202948414 1.7246928 16
1721202948793 1.7299275 17
1721202949171 1.7421861 18
1721202949550 1.7678831 19
1721202949929 1.7920153 20
1721202950304 1.83494 21
1721202950698 1.8668199 22
1721202951075 1.914983 23
1721202951449 1.9341893 24
1721202951824 1.9567838 25
1721202952201 1.9913685 26
1721202952581 2.0034394 27
1721202952958 1.9814174 28
1721202953334 1.9666771 29
1721202953718 1.9506209 30
1721202954095 1.9269694 31
1721202954474 1.9176445 32
1721202954855 1.9163418 33
1721202955232 1.927614 34
1721202955608 1.9422073 35
1721202955987 1.9702067 36
1721202956360 2.0087917 37
1721202956739 2.0439472 38
1721202957119 2.0841854 39
1721202957494 2.1317368 40
1721202957871 2.1896782 41
1721202958245 2.2520776 42
1721202958622 2.3073673 43
1721202958998 2.4031072 44
1721202959372 2.475299 45
1721202959750 2.5098438 46
1721202960140 2.554075 47
1721202960517 2.613918 48
1721202960894 2.6502593 49
1721202961271 2.6620796 50
1721202961648 2.69757 51
1721202962027 2.7334301 52
1721202962403 2.717312 53
1721202962779 2.7754388 54
1721202963156 2.7887638 55
1721202963535 2.862121 56
1721202963911 2.9601433 57
1721202964288 3.0279055 58
1721202964664 3.1905522 59
1721202965041 3.232731 60
1721202965416 3.365169 61
1721202965791 3.378008 62
1721202966171 3.355048 63
1721202966631 3.3785014 0
1721202967008 3.3238971 1
1721202967388 3.2658167 2
1721202967763 3.2064242 3
1721202968143 3.1583283 4
1721202968521 3.1176605 5
1721202968899 3.0731082 6
1721202969290 3.0165482 7
1721202969675 2.9740222 8
1721202970056 2.914279 9
1721202970435 2.861683 10
1721202970812 2.8032386 11
1721202971192 2.7534633 12
1721202971589 2.696824 13
1721202971969 2.6382165 14
1721202972348 2.5937724 15
1721202972732 2.5488508 16
1721202973108 2.5102847 17
1721202973491 2.4723382 18
1721202973870 2.4287639 19
1721202974251 2.3913164 20
1721202974631 2.3536336 21
1721202975013 2.3094285 22
1721202975459 2.2767642 23
1721202975836 2.23854 24
1721202976213 2.2058287 25
1721202976596 2.1764998 26
1721202976976 2.1468716 27
1721202977356 2.120572 28
1721202977738 2.0996623 29
1721202978119 2.078136 30
1721202978500 2.066211 31
1721202978900 2.056705 32
1721202979304 2.04315 33
1721202979713 2.0328922 34
1721202980094 2.0212004 35
1721202980475 2.006424 36
1721202980858 1.9949441 37
1721202981239 1.9762619 38
1721202981623 1.9546745 39
1721202982004 1.9382641 40
1721202982385 1.9208591 41
1721202982766 1.9018829 42
1721202983147 1.885928 43
1721202983527 1.8687806 44
1721202983905 1.8548973 45
1721202984285 1.8414252 46
1721202984663 1.8288975 47
1721202985045 1.818486 48
1721202985430 1.8048487 49
1721202985811 1.7924293 50
1721202986190 1.7797401 51
1721202986568 1.7681466 52
1721202986953 1.7546422 53
1721202987336 1.7397461 54
1721202987714 1.7248685 55
1721202988093 1.713323 56
1721202988477 1.6962831 57
1721202988860 1.6803045 58
1721202989243 1.6643305 59
1721202989625 1.6521325 60
1721202990006 1.639071 61
1721202990386 1.6265595 62
1721202990769 1.6136879 63
