1721278055608 0.66485256 0
1721278056107 0.61439955 1
1721278056471 0.56671596 2
1721278056843 0.5222602 3
1721278057194 0.48014668 4
1721278057536 0.44341788 5
1721278057875 0.40797102 6
1721278058227 0.37289187 7
1721278058586 0.34088832 8
1721278058932 0.31306988 9
1721278059271 0.28571734 10
1721278059604 0.2652952 11
1721278059929 0.2426391 12
1721278060284 0.22723995 13
1721278060616 0.21212392 14
1721278060954 0.19531816 15
1721278061292 0.18547787 16
1721278061634 0.17122687 17
1721278061988 0.16416225 18
1721278062322 0.1522217 19
1721278062655 0.1462199 20
1721278063008 0.138144 21
1721278063361 0.12977014 22
1721278063708 0.12645794 23
1721278064055 0.11821298 24
1721278064404 0.112718865 25
1721278064753 0.11109002 26
1721278065093 0.10192446 27
1721278065434 0.09863805 28
1721278065781 0.09316305 29
1721278066120 0.089949965 30
1721278066459 0.08984447 31
1721278066797 0.08629683 32
1721278067137 0.08401017 33
1721278067484 0.07910163 34
1721278067835 0.07793332 35
1721278068180 0.07601407 36
1721278068508 0.0756556 37
1721278068849 0.07190336 38
1721278069254 0.06844319 39
1721278069627 0.07052768 40
1721278069985 0.06427635 41
1721278070331 0.06406654 42
1721278070677 0.059839085 43
1721278071015 0.060238503 44
1721278071359 0.05966554 45
1721278071738 0.056123555 46
1721278072103 0.056060225 47
1721278072454 0.054064102 48
1721278072817 0.052695792 49
1721278073161 0.055125974 50
1721278073514 0.050773084 51
1721278073862 0.050843067 52
1721278074195 0.048446592 53
1721278074582 0.047449343 54
1721278075029 0.048408892 55
1721278075395 0.046186287 56
1721278075761 0.04493584 57
1721278076121 0.04420599 58
1721278076497 0.042329855 59
1721278076856 0.044092696 60
1721278077221 0.040225506 61
1721278077622 0.042699646 62
1721278078023 0.04221108 63
1721278078480 0.039636854 0
1721278078847 0.039382517 1
1721278079212 0.039270703 2
1721278079572 0.039659783 3
1721278079933 0.03608008 4
1721278080303 0.037482712 5
1721278080679 0.035582006 6
1721278081022 0.035025258 7
1721278081361 0.03560505 8
1721278081716 0.034569696 9
1721278082128 0.0338699 10
1721278082557 0.035077482 11
1721278082920 0.03331548 12
1721278083293 0.032815572 13
1721278083657 0.031699136 14
1721278083996 0.030865293 15
1721278084345 0.030934364 16
1721278084757 0.031107865 17
1721278085217 0.031118672 18
1721278085577 0.02911019 19
1721278085941 0.029417776 20
1721278086290 0.02896389 21
1721278086641 0.029218154 22
1721278086986 0.027292278 23
1721278087349 0.027758036 24
1721278087735 0.027465954 25
1721278088102 0.027655112 26
1721278088449 0.026156407 27
1721278088789 0.025766151 28
1721278089132 0.025005186 29
1721278089480 0.025568696 30
1721278089837 0.025614085 31
1721278090222 0.024044534 32
1721278090580 0.026608154 33
1721278090921 0.024975967 34
1721278091259 0.024384413 35
1721278091767 0.02390425 36
1721278092130 0.023154711 37
1721278092478 0.024593852 38
1721278092819 0.022677006 39
1721278093158 0.022873849 40
1721278093509 0.024070958 41
1721278093911 0.02253031 42
1721278094327 0.02318639 43
1721278094689 0.02157368 44
1721278095035 0.022226552 45
1721278095382 0.020850154 46
1721278095726 0.02085837 47
1721278096092 0.021073546 48
1721278096456 0.020796502 49
1721278096808 0.02019568 50
1721278097155 0.019705236 51
1721278097502 0.020586595 52
1721278097853 0.019781016 53
1721278098197 0.019635536 54
1721278098536 0.019003289 55
1721278098873 0.018539678 56
1721278099216 0.019398721 57
1721278099572 0.019579126 58
1721278099923 0.01895167 59
1721278100260 0.018389784 60
1721278100630 0.017854284 61
1721278101027 0.018447012 62
1721278101384 0.017942486 63
1721278101844 0.017918797 0
1721278102218 0.01796146 1
1721278102601 0.017620705 2
1721278102996 0.017663501 3
1721278103387 0.017553637 4
1721278103773 0.016871668 5
1721278104140 0.01671473 6
1721278104500 0.016652241 7
1721278104865 0.016359104 8
1721278105220 0.016395168 9
1721278105568 0.017390521 10
1721278105912 0.01666101 11
1721278106259 0.015731525 12
1721278106641 0.015626853 13
1721278107000 0.016000722 14
1721278107352 0.016012643 15
1721278107718 0.015518826 16
1721278108085 0.014854844 17
1721278108448 0.015292691 18
1721278108803 0.014370469 19
1721278109138 0.013966916 20
1721278109556 0.014409199 21
1721278109992 0.014291674 22
1721278110447 0.015518411 23
1721278110883 0.014367904 24
1721278111260 0.014035987 25
1721278111627 0.013497255 26
1721278111998 0.013771807 27
1721278112353 0.013780916 28
1721278112701 0.013370777 29
1721278113057 0.013820402 30
1721278113412 0.013526385 31
1721278113768 0.013116211 32
1721278114133 0.0131968735 33
1721278114481 0.013374264 34
1721278114830 0.013309025 35
1721278115174 0.01250625 36
1721278115512 0.012976704 37
1721278115854 0.012958089 38
1721278116198 0.012776086 39
1721278116574 0.012198717 40
1721278116932 0.01229106 41
1721278117307 0.013171237 42
1721278117680 0.012275769 43
1721278118053 0.0124455 44
1721278118429 0.011921588 45
1721278118792 0.0121445125 46
1721278119187 0.011871653 47
1721278119554 0.01165561 48
1721278119919 0.011728668 49
1721278120289 0.01126296 50
1721278120649 0.011425434 51
1721278121002 0.011512185 52
1721278121346 0.011197136 53
1721278121689 0.012054159 54
1721278122039 0.011442015 55
1721278122382 0.011432638 56
1721278122727 0.011307324 57
1721278123072 0.01094996 58
1721278123453 0.011510794 59
1721278123851 0.010792658 60
1721278124248 0.0105196545 61
1721278124613 0.01039032 62
1721278124984 0.010694115 63
1721278125436 0.010459261 0
1721278125860 0.010274031 1
1721278126307 0.0099416785 2
1721278126722 0.010548209 3
1721278127142 0.010002491 4
1721278127549 0.009837095 5
1721278127959 0.010098347 6
1721278128385 0.010000141 7
1721278128875 0.009964679 8
1721278129286 0.009699101 9
1721278129690 0.009926741 10
1721278130084 0.009621887 11
1721278130460 0.0099281 12
1721278130894 0.009967872 13
1721278131340 0.009793942 14
1721278131765 0.009656779 15
1721278132191 0.009392694 16
1721278132581 0.009625161 17
1721278132982 0.009320755 18
1721278133384 0.009345319 19
1721278133795 0.009172662 20
1721278134193 0.009194856 21
1721278134651 0.009353975 22
1721278135080 0.009049428 23
1721278135486 0.008414188 24
1721278135910 0.008781837 25
1721278136342 0.009008873 26
1721278136762 0.008575593 27
1721278137174 0.009131112 28
1721278137586 0.008662302 29
1721278138004 0.00846288 30
1721278138418 0.008723767 31
1721278138806 0.008476556 32
1721278139187 0.0084242895 33
1721278139570 0.008155766 34
1721278139983 0.008546594 35
1721278140411 0.008820467 36
1721278140824 0.007956733 37
1721278141227 0.008080263 38
1721278141627 0.008402432 39
1721278142057 0.007959547 40
1721278142479 0.008391471 41
1721278142883 0.008246516 42
1721278143286 0.008197445 43
1721278143693 0.007817784 44
1721278144113 0.007960465 45
1721278144530 0.008201111 46
1721278144980 0.008118177 47
1721278145396 0.0076594655 48
1721278145832 0.0076126917 49
1721278146296 0.00778108 50
1721278146750 0.0080523575 51
1721278147155 0.0077649523 52
1721278147562 0.0076690367 53
1721278147955 0.007335282 54
1721278148379 0.0074592526 55
1721278148770 0.0075126733 56
1721278149178 0.007333379 57
1721278149566 0.0076412675 58
1721278149957 0.006906449 59
1721278150378 0.0074779303 60
1721278150762 0.006941594 61
1721278151168 0.0076698456 62
1721278151579 0.00719603 63
1721278152049 0.0071080932 0
1721278152448 0.007049399 1
1721278152843 0.007101373 2
1721278153227 0.006904954 3
1721278153633 0.006795512 4
1721278154012 0.0067048133 5
1721278154381 0.0068356027 6
1721278154774 0.0067794323 7
1721278155158 0.0068728128 8
1721278155524 0.006629107 9
1721278155912 0.006711717 10
1721278156315 0.006486121 11
1721278156710 0.0064700954 12
1721278157083 0.006544257 13
1721278157451 0.006977675 14
1721278157830 0.006619233 15
1721278158235 0.0065188864 16
1721278158620 0.006618827 17
1721278158998 0.006492141 18
1721278159391 0.00645625 19
1721278159771 0.0066076927 20
1721278160155 0.0061732596 21
1721278160611 0.00620125 22
1721278160992 0.006136437 23
1721278161382 0.0063110795 24
1721278161758 0.006012414 25
1721278162135 0.0060733124 26
1721278162529 0.0062853135 27
1721278162923 0.006272684 28
1721278163340 0.0064897784 29
1721278163794 0.005934635 30
1721278164229 0.00585747 31
1721278164648 0.0058152354 32
1721278165079 0.00611459 33
1721278165506 0.00603736 34
1721278165908 0.0057870112 35
1721278166319 0.006161321 36
1721278166692 0.005621346 37
1721278167075 0.0060502375 38
1721278167475 0.005683268 39
1721278167881 0.0055838884 40
1721278168316 0.005960948 41
1721278168723 0.005585194 42
1721278169141 0.005449831 43
1721278169657 0.0057231965 44
1721278170058 0.005562288 45
1721278170470 0.0056668087 46
1721278170935 0.0054613953 47
1721278171349 0.0055529084 48
1721278171775 0.0058736 49
1721278172196 0.005590118 50
1721278172576 0.0053013605 51
1721278172950 0.005422224 52
1721278173337 0.0053986143 53
1721278173719 0.005209958 54
1721278174108 0.005400236 55
1721278174510 0.005255859 56
1721278174898 0.005348367 57
1721278175319 0.0052042673 58
1721278175706 0.0050613065 59
1721278176087 0.005290005 60
1721278176483 0.0050040046 61
1721278176861 0.0053240727 62
1721278177267 0.0051459167 63
1721278177747 0.0052888407 0
1721278178120 0.0052205217 1
1721278178486 0.0049469313 2
1721278178891 0.0049232463 3
1721278179279 0.0049637845 4
1721278179707 0.004852449 5
1721278180098 0.0051439153 6
1721278180493 0.0051780175 7
1721278180887 0.0047762175 8
1721278181295 0.0049937274 9
1721278181681 0.0048709624 10
1721278182065 0.004741433 11
1721278182468 0.0046555665 12
1721278182849 0.0048371647 13
1721278183215 0.004560629 14
1721278183602 0.0046668435 15
1721278184007 0.004620027 16
1721278184393 0.004900569 17
1721278184799 0.004700188 18
1721278185169 0.0045482293 19
1721278185533 0.004722514 20
1721278185916 0.004506595 21
1721278186331 0.0046007987 22
1721278186706 0.004567097 23
1721278187076 0.0046210755 24
1721278187440 0.004498003 25
1721278187825 0.004490461 26
1721278188207 0.004471207 27
1721278188612 0.0045082746 28
1721278188996 0.004600126 29
1721278189369 0.004481454 30
1721278189765 0.004368091 31
1721278190152 0.004471876 32
1721278190544 0.004407256 33
1721278190957 0.004495377 34
1721278191355 0.0045072758 35
1721278191722 0.004296164 36
1721278192084 0.0044671833 37
1721278192451 0.0042945966 38
1721278192857 0.00446055 39
1721278193235 0.0043255915 40
1721278193632 0.0041919625 41
1721278194017 0.004149471 42
1721278194431 0.004272529 43
1721278194825 0.00412623 44
1721278195217 0.0043647694 45
1721278195628 0.0042158016 46
1721278196014 0.003999246 47
1721278196412 0.004043537 48
1721278196792 0.003948549 49
1721278197189 0.0040905215 50
1721278197646 0.00414579 51
1721278198161 0.0040314887 52
1721278198599 0.0039768703 53
1721278199006 0.0039974223 54
1721278199416 0.0040469184 55
1721278199818 0.0040565543 56
1721278200217 0.0039111916 57
1721278200622 0.0040517556 58
1721278201027 0.003900073 59
1721278201453 0.003873652 60
1721278201867 0.0038579383 61
1721278202263 0.003818543 62
1721278202686 0.0039392333 63
1721278203154 0.0037673698 0
1721278203542 0.003981485 1
1721278203994 0.0037384063 2
1721278204434 0.0037738385 3
1721278204862 0.003688097 4
1721278205287 0.0037099503 5
1721278205678 0.0039041322 6
1721278206063 0.0036708084 7
1721278206461 0.0037083402 8
1721278206859 0.0036940107 9
1721278207277 0.0035188068 10
1721278207696 0.0036775633 11
1721278208098 0.0038125645 12
1721278208500 0.0034876785 13
1721278208893 0.0036206073 14
1721278209292 0.0035336714 15
1721278209800 0.003518445 16
1721278210214 0.0035148046 17
1721278210627 0.0036394622 18
1721278211041 0.0036240336 19
1721278211439 0.003570899 20
1721278211835 0.0034699284 21
1721278212198 0.0035071338 22
1721278212558 0.0035525945 23
1721278212935 0.0035013007 24
1721278213334 0.003425699 25
1721278213738 0.0033337453 26
1721278214129 0.0034176027 27
1721278214523 0.0034158924 28
1721278214897 0.0033804912 29
1721278215264 0.003358231 30
1721278215661 0.0032610027 31
1721278216037 0.003472957 32
1721278216412 0.0036922782 33
1721278216777 0.0036185328 34
1721278217171 0.003312283 35
1721278217557 0.0035069655 36
1721278217984 0.0032881612 37
1721278218421 0.0034073677 38
1721278218838 0.0032815286 39
1721278219236 0.0032334398 40
1721278219638 0.003320078 41
1721278220069 0.0032228322 42
1721278220448 0.0033195058 43
1721278220819 0.003111881 44
1721278221216 0.0032349406 45
1721278221625 0.0032454208 46
1721278222009 0.0032691788 47
1721278222446 0.0033623227 48
1721278222841 0.0033045583 49
1721278223244 0.0031256548 50
1721278223679 0.0030890338 51
1721278224183 0.0031382693 52
1721278224655 0.003193298 53
1721278225082 0.0031348555 54
1721278225470 0.0030562663 55
1721278225922 0.003054532 56
1721278226336 0.0029629094 57
1721278226712 0.0030687288 58
1721278227092 0.0031124162 59
1721278227450 0.0029460113 60
1721278227825 0.0029721777 61
1721278228211 0.0029947697 62
1721278228619 0.0030682131 63
1721278229118 0.003034601 0
1721278229507 0.003000746 1
1721278229869 0.0028537966 2
1721278230243 0.0030587537 3
1721278230630 0.0028948702 4
1721278231044 0.0029014703 5
1721278231460 0.0028155243 6
1721278231825 0.0028495314 7
1721278232199 0.0028892073 8
1721278232586 0.0027547227 9
1721278232984 0.0028180277 10
1721278233386 0.0028313184 11
1721278233765 0.0029698291 12
1721278234146 0.0028034556 13
1721278234542 0.0029340792 14
1721278234941 0.002886728 15
1721278235324 0.0029329348 16
1721278235698 0.0027882217 17
1721278236097 0.0028877363 18
1721278236472 0.0028137076 19
1721278236854 0.0028653883 20
1721278237241 0.00275771 21
1721278237612 0.0027924837 22
1721278237984 0.0027739042 23
1721278238374 0.00274522 24
1721278238752 0.00271054 25
1721278239137 0.0026360108 26
1721278239552 0.0027164912 27
1721278239936 0.0026996022 28
1721278240333 0.0027272592 29
1721278240727 0.002689144 30
1721278241124 0.0026549222 31
1721278241509 0.0026628287 32
1721278241911 0.0028104358 33
1721278242299 0.002628062 34
1721278242683 0.0027195485 35
1721278243057 0.002595918 36
1721278243433 0.0026012738 37
1721278243832 0.0025704938 38
1721278244211 0.0025552998 39
1721278244590 0.0025591056 40
1721278244966 0.002678185 41
1721278245369 0.0025102585 42
1721278245761 0.0026184681 43
1721278246133 0.002640169 44
1721278246501 0.0025387572 45
1721278246901 0.002522837 46
1721278247280 0.0027828193 47
1721278247718 0.0025298486 48
1721278248117 0.0025205007 49
1721278248544 0.0026051104 50
1721278248924 0.0024884427 51
1721278249380 0.0024137378 52
1721278249755 0.0025591925 53
1721278250125 0.0024638332 54
1721278250505 0.0024149646 55
1721278250872 0.0024272536 56
1721278251246 0.0024716584 57
1721278251628 0.0023344182 58
1721278252006 0.0025350533 59
1721278252377 0.0024307945 60
1721278252763 0.0024858713 61
1721278253156 0.0024674241 62
1721278253531 0.0024071867 63
1721278253988 0.002322661 0
1721278254381 0.002369032 1
1721278254769 0.0024455541 2
1721278255140 0.0024270795 3
1721278255521 0.0023027833 4
1721278255902 0.0023763077 5
1721278256267 0.0022309222 6
1721278256631 0.0024499465 7
1721278257002 0.0024307535 8
1721278257415 0.0023552876 9
1721278257794 0.0022874149 10
1721278258168 0.0022682347 11
1721278258535 0.0022380995 12
1721278258901 0.0022949127 13
1721278259269 0.0023445208 14
1721278259663 0.0024069708 15
1721278260042 0.002210084 16
1721278260407 0.0024016865 17
1721278260771 0.0023411654 18
1721278261143 0.0022572048 19
1721278261520 0.0022731225 20
1721278261920 0.0021825654 21
1721278262302 0.0021799132 22
1721278262671 0.0022866735 23
1721278263036 0.0022291262 24
1721278263402 0.0022899818 25
1721278263799 0.0023987968 26
1721278264174 0.0022224684 27
1721278264550 0.0021135218 28
1721278264930 0.0021672242 29
1721278265318 0.0022632165 30
1721278265679 0.0021539223 31
1721278266042 0.002094824 32
1721278266421 0.002106334 33
1721278266795 0.0021770068 34
1721278267165 0.0022036033 35
1721278267543 0.002115221 36
1721278267921 0.0022557369 37
1721278268285 0.0022088587 38
1721278268645 0.002219837 39
1721278269034 0.00211459 40
1721278269422 0.0020666441 41
1721278269805 0.0021024179 42
1721278270181 0.0021314432 43
1721278270557 0.002082533 44
1721278270984 0.0020320264 45
1721278271364 0.0020763902 46
1721278271757 0.0021684254 47
1721278272128 0.0020225544 48
1721278272491 0.0020215428 49
1721278272864 0.0020096651 50
1721278273265 0.0019628922 51
1721278273642 0.002026867 52
1721278274017 0.0019587912 53
1721278274417 0.001959479 54
1721278274790 0.0019683721 55
1721278275163 0.0019974918 56
1721278275549 0.0019618128 57
1721278275938 0.002097511 58
1721278276310 0.0020995822 59
1721278276670 0.0020463816 60
1721278277053 0.0020926422 61
1721278277445 0.001921779 62
1721278277821 0.001950355 63
1721278278283 0.0020382712 0
1721278278692 0.0018754927 1
1721278279066 0.0018853027 2
1721278279456 0.0019055366 3
1721278279834 0.0019554857 4
1721278280211 0.0019045569 5
1721278280583 0.0019974522 6
1721278280976 0.0019819073 7
1721278281368 0.0020372693 8
1721278281745 0.0018952109 9
1721278282119 0.0019259597 10
1721278282509 0.001957134 11
1721278282880 0.0019292717 12
1721278283258 0.0019084151 13
1721278283668 0.0018796475 14
1721278284050 0.0018263266 15
1721278284425 0.0019003052 16
1721278284803 0.0019476552 17
1721278285203 0.0018510739 18
1721278285591 0.0020186948 19
1721278285979 0.0018366904 20
1721278286373 0.0018591927 21
1721278286751 0.0018304747 22
1721278287127 0.0018689021 23
1721278287573 0.0017523697 24
1721278287957 0.001790211 25
1721278288332 0.0017438355 26
1721278288704 0.0018110784 27
1721278289100 0.0018124536 28
1721278289513 0.0018963063 29
1721278289925 0.0018972637 30
1721278290305 0.0018505458 31
1721278290698 0.0017851425 32
1721278291079 0.0017747869 33
1721278291480 0.0018659178 34
1721278291890 0.0017454819 35
1721278292270 0.0017185161 36
1721278292637 0.0018192388 37
1721278293022 0.0017074797 38
1721278293401 0.0017629995 39
1721278293775 0.0016968454 40
1721278294158 0.0019245562 41
1721278294581 0.0017029102 42
1721278294963 0.0017379149 43
1721278295350 0.0018166549 44
1721278295745 0.0016653928 45
1721278296130 0.0017612798 46
1721278296507 0.0017080052 47
1721278296884 0.0017587866 48
1721278297298 0.0017204569 49
1721278297699 0.001734941 50
1721278298076 0.0016511874 51
1721278298450 0.0017464679 52
1721278298850 0.0016496422 53
1721278299234 0.0016656634 54
1721278299617 0.0017263677 55
1721278299997 0.0016575688 56
1721278300377 0.0016388019 57
1721278300752 0.0016434424 58
1721278301154 0.0016818679 59
1721278301551 0.0017570036 60
1721278301938 0.0016787972 61
1721278302321 0.0016310406 62
1721278302720 0.0017173227 63
