1721278055594 1.3892838 0
1721278056103 1.3888606 1
1721278056466 1.3917757 2
1721278056839 1.39392 3
1721278057189 1.3933238 4
1721278057532 1.3904277 5
1721278057870 1.3884525 6
1721278058222 1.3887665 7
1721278058581 1.3892617 8
1721278058928 1.3899074 9
1721278059267 1.3907934 10
1721278059600 1.3910636 11
1721278059925 1.3911145 12
1721278060279 1.3927248 13
1721278060612 1.3921833 14
1721278060949 1.3892293 15
1721278061287 1.3872173 16
1721278061629 1.387265 17
1721278061983 1.3887589 18
1721278062318 1.3921587 19
1721278062651 1.3934917 20
1721278063003 1.3931963 21
1721278063356 1.3951976 22
1721278063703 1.3958652 23
1721278064050 1.3961982 24
1721278064399 1.3950183 25
1721278064747 1.3939104 26
1721278065088 1.3934591 27
1721278065430 1.3920603 28
1721278065777 1.3902683 29
1721278066115 1.3880997 30
1721278066454 1.3862311 31
1721278066793 1.3857503 32
1721278067132 1.3849359 33
1721278067479 1.384027 34
1721278067830 1.3843768 35
1721278068174 1.3841233 36
1721278068504 1.3837833 37
1721278068843 1.3837833 38
1721278069249 1.3845774 39
1721278069621 1.3866873 40
1721278069980 1.3898797 41
1721278070326 1.3918445 42
1721278070672 1.392767 43
1721278071009 1.3914462 44
1721278071353 1.3900219 45
1721278071733 1.389185 46
1721278072098 1.3881719 47
1721278072450 1.387321 48
1721278072812 1.386986 49
1721278073155 1.3869979 50
1721278073509 1.3871771 51
1721278073857 1.3876281 52
1721278074190 1.3891082 53
1721278074577 1.3904529 54
1721278075024 1.3915176 55
1721278075390 1.3920996 56
1721278075756 1.3917738 57
1721278076117 1.390533 58
1721278076492 1.3893769 59
1721278076851 1.3879244 60
1721278077216 1.3873768 61
1721278077617 1.3869522 62
1721278078017 1.3865733 63
1721278078475 1.3862652 0
1721278078842 1.3861665 1
1721278079207 1.3866034 2
1721278079567 1.387485 3
1721278079928 1.3883173 4
1721278080298 1.3893666 5
1721278080674 1.389494 6
1721278081017 1.3896368 7
1721278081355 1.3904507 8
1721278081711 1.390611 9
1721278082122 1.3902483 10
1721278082552 1.3901687 11
1721278082915 1.3902924 12
1721278083287 1.389884 13
1721278083652 1.3896492 14
1721278083991 1.3887985 15
1721278084340 1.3879254 16
1721278084752 1.387017 17
1721278085212 1.3865029 18
1721278085571 1.3863246 19
1721278085934 1.3864098 20
1721278086285 1.3867105 21
1721278086636 1.3866076 22
1721278086981 1.3860176 23
1721278087344 1.386302 24
1721278087730 1.3874185 25
1721278088097 1.388042 26
1721278088444 1.3881075 27
1721278088783 1.3874638 28
1721278089126 1.386229 29
1721278089475 1.3857417 30
1721278089832 1.3853362 31
1721278090217 1.3850366 32
1721278090575 1.3866243 33
1721278090916 1.3878759 34
1721278091254 1.3889396 35
1721278091762 1.3901106 36
1721278092125 1.3904948 37
1721278092473 1.3900955 38
1721278092814 1.3896604 39
1721278093152 1.3887978 40
1721278093503 1.3880584 41
1721278093904 1.3875811 42
1721278094319 1.3871002 43
1721278094684 1.3865013 44
1721278095030 1.3862358 45
1721278095377 1.3860103 46
1721278095721 1.3860964 47
1721278096086 1.3864956 48
1721278096451 1.3871343 49
1721278096803 1.3879197 50
1721278097150 1.3883226 51
1721278097497 1.3884103 52
1721278097848 1.3883866 53
1721278098191 1.3879886 54
1721278098531 1.3874942 55
1721278098868 1.3867456 56
1721278099210 1.385911 57
1721278099567 1.3850613 58
1721278099918 1.3843992 59
1721278100255 1.3840451 60
1721278100624 1.3838911 61
1721278101021 1.3841681 62
1721278101379 1.3844571 63
1721278101839 1.3851714 0
1721278102213 1.3866313 1
1721278102596 1.3894472 2
1721278102990 1.3908803 3
1721278103382 1.391249 4
1721278103767 1.390875 5
1721278104135 1.3911121 6
1721278104495 1.390775 7
1721278104859 1.3899684 8
1721278105215 1.3889773 9
1721278105563 1.3883619 10
1721278105907 1.3875883 11
1721278106255 1.3870873 12
1721278106636 1.3869104 13
1721278106995 1.3870416 14
1721278107348 1.3872439 15
1721278107712 1.3874872 16
1721278108080 1.3880572 17
1721278108443 1.3880289 18
1721278108798 1.3882953 19
1721278109133 1.3886647 20
1721278109550 1.3884096 21
1721278109985 1.3886642 22
1721278110441 1.3889443 23
1721278110877 1.3886955 24
1721278111254 1.3878691 25
1721278111622 1.3870828 26
1721278111993 1.3866072 27
1721278112348 1.386188 28
1721278112695 1.3858427 29
1721278113052 1.3860724 30
1721278113407 1.3862737 31
1721278113763 1.3865395 32
1721278114128 1.386746 33
1721278114476 1.3868788 34
1721278114825 1.3870785 35
1721278115169 1.3870788 36
1721278115507 1.387048 37
1721278115849 1.3868328 38
1721278116193 1.3867095 39
1721278116569 1.3866041 40
1721278116927 1.3864574 41
1721278117302 1.3861222 42
1721278117675 1.386784 43
1721278118048 1.3875073 44
1721278118424 1.3880708 45
1721278118786 1.3884921 46
1721278119182 1.388663 47
1721278119549 1.3889627 48
1721278119914 1.3889593 49
1721278120283 1.3885707 50
1721278120643 1.3881953 51
1721278120997 1.3878508 52
1721278121341 1.3873506 53
1721278121684 1.3870676 54
1721278122034 1.3866816 55
1721278122377 1.3863206 56
1721278122721 1.3859751 57
1721278123067 1.3856078 58
1721278123448 1.3857777 59
1721278123845 1.3859842 60
1721278124242 1.3867602 61
1721278124606 1.3880622 62
1721278124979 1.3886553 63
1721278125430 1.3887283 0
1721278125854 1.3887076 1
1721278126301 1.3883009 2
1721278126713 1.387606 3
1721278127136 1.3870485 4
1721278127543 1.386476 5
1721278127952 1.3857481 6
1721278128379 1.385237 7
1721278128868 1.3847675 8
1721278129281 1.3843746 9
1721278129684 1.384742 10
1721278130078 1.3853879 11
1721278130455 1.3861082 12
1721278130887 1.3863128 13
1721278131334 1.3864605 14
1721278131759 1.3870873 15
1721278132185 1.3892505 16
1721278132575 1.390183 17
1721278132976 1.3902215 18
1721278133378 1.3899708 19
1721278133789 1.3898003 20
1721278134186 1.3894024 21
1721278134645 1.3888359 22
1721278135073 1.3884274 23
1721278135480 1.3881862 24
1721278135904 1.3875346 25
1721278136335 1.3871449 26
1721278136755 1.3867798 27
1721278137168 1.3864093 28
1721278137579 1.3860755 29
1721278137998 1.3856993 30
1721278138412 1.3853614 31
1721278138800 1.3850446 32
1721278139181 1.3848894 33
1721278139564 1.3849113 34
1721278139977 1.3851892 35
1721278140404 1.3856091 36
1721278140818 1.3859955 37
1721278141221 1.3865356 38
1721278141621 1.38691 39
1721278142051 1.3872316 40
1721278142473 1.3875542 41
1721278142878 1.3878956 42
1721278143279 1.3879039 43
1721278143686 1.3878069 44
1721278144106 1.3877835 45
1721278144524 1.38773 46
1721278144974 1.3873825 47
1721278145390 1.386897 48
1721278145825 1.3863409 49
1721278146290 1.3859227 50
1721278146744 1.385598 51
1721278147150 1.3851808 52
1721278147556 1.3849747 53
1721278147949 1.3848494 54
1721278148371 1.3846864 55
1721278148763 1.3850113 56
1721278149172 1.3852232 57
1721278149560 1.385407 58
1721278149950 1.3852277 59
1721278150372 1.3853881 60
1721278150756 1.3864208 61
1721278151161 1.3884676 62
1721278151574 1.3900479 63
1721278152043 1.3902612 0
1721278152442 1.3899672 1
1721278152837 1.3895538 2
1721278153222 1.389125 3
1721278153627 1.3888034 4
1721278154006 1.3885157 5
1721278154376 1.3881996 6
1721278154767 1.3875551 7
1721278155152 1.3870128 8
1721278155519 1.3866749 9
1721278155906 1.3864288 10
1721278156308 1.3864461 11
1721278156705 1.3864095 12
1721278157077 1.3860192 13
1721278157446 1.3856187 14
1721278157824 1.385036 15
1721278158229 1.3845574 16
1721278158615 1.3844244 17
1721278158992 1.3843457 18
1721278159386 1.3848579 19
1721278159765 1.3857231 20
1721278160150 1.3867439 21
1721278160606 1.3868065 22
1721278160986 1.3864245 23
1721278161376 1.3861725 24
1721278161752 1.3861704 25
1721278162129 1.3861718 26
1721278162523 1.3864422 27
1721278162917 1.386778 28
1721278163335 1.3868397 29
1721278163788 1.3868644 30
1721278164223 1.3868392 31
1721278164642 1.3877697 32
1721278165073 1.3891811 33
1721278165501 1.3889282 34
1721278165901 1.388491 35
1721278166313 1.3881038 36
1721278166686 1.3879118 37
1721278167069 1.387775 38
1721278167470 1.3876828 39
1721278167874 1.3878233 40
1721278168310 1.3879634 41
1721278168717 1.3881433 42
1721278169134 1.3882549 43
1721278169651 1.3882489 44
1721278170052 1.3883436 45
1721278170464 1.3881967 46
1721278170929 1.3880386 47
1721278171343 1.3876874 48
1721278171769 1.3872768 49
1721278172190 1.3869467 50
1721278172571 1.3865774 51
1721278172945 1.3861918 52
1721278173331 1.385808 53
1721278173713 1.3854665 54
1721278174102 1.385082 55
1721278174503 1.3847302 56
1721278174892 1.3843617 57
1721278175313 1.3840559 58
1721278175700 1.3837626 59
1721278176081 1.3837132 60
1721278176477 1.3838525 61
1721278176855 1.3838327 62
1721278177261 1.3837142 63
1721278177741 1.3835999 0
1721278178115 1.384417 1
1721278178480 1.3849573 2
1721278178885 1.3858255 3
1721278179273 1.3864353 4
1721278179701 1.3878611 5
1721278180093 1.3903655 6
1721278180487 1.3907316 7
1721278180881 1.3905971 8
1721278181288 1.3900282 9
1721278181675 1.3895265 10
1721278182059 1.3890103 11
1721278182462 1.3884807 12
1721278182843 1.3881719 13
1721278183209 1.3878189 14
1721278183596 1.3876512 15
1721278184001 1.3874667 16
1721278184388 1.3872775 17
1721278184793 1.3871319 18
1721278185164 1.386885 19
1721278185528 1.386589 20
1721278185910 1.3864447 21
1721278186325 1.3862777 22
1721278186701 1.3861573 23
1721278187069 1.3860891 24
1721278187435 1.3860658 25
1721278187818 1.3859298 26
1721278188201 1.3858641 27
1721278188606 1.3858153 28
1721278188989 1.3858087 29
1721278189363 1.3859093 30
1721278189759 1.3859923 31
1721278190147 1.3861321 32
1721278190538 1.3864554 33
1721278190951 1.3870623 34
1721278191349 1.3873465 35
1721278191716 1.3875129 36
1721278192078 1.387933 37
1721278192446 1.388237 38
1721278192851 1.388145 39
1721278193229 1.3879912 40
1721278193626 1.3879454 41
1721278194011 1.3878242 42
1721278194425 1.3874834 43
1721278194819 1.3872396 44
1721278195212 1.3868008 45
1721278195622 1.386524 46
1721278196009 1.3862693 47
1721278196406 1.3859327 48
1721278196786 1.385647 49
1721278197183 1.3855201 50
1721278197640 1.3853226 51
1721278198155 1.38522 52
1721278198593 1.3851997 53
1721278199000 1.3853991 54
1721278199411 1.3857595 55
1721278199813 1.3860178 56
1721278200211 1.3860736 57
1721278200617 1.3864123 58
1721278201021 1.3873241 59
1721278201448 1.3883061 60
1721278201862 1.3885236 61
1721278202257 1.388576 62
1721278202680 1.3886843 63
1721278203149 1.3886986 0
1721278203536 1.3886373 1
1721278203988 1.388449 2
1721278204429 1.3883035 3
1721278204855 1.3880236 4
1721278205282 1.3877873 5
1721278205672 1.3875498 6
1721278206058 1.3873094 7
1721278206456 1.3870645 8
1721278206853 1.3868387 9
1721278207272 1.3865933 10
1721278207690 1.3864125 11
1721278208093 1.3861904 12
1721278208494 1.386064 13
1721278208887 1.3858948 14
1721278209286 1.3858898 15
1721278209793 1.3857744 16
1721278210208 1.3859072 17
1721278210621 1.386128 18
1721278211035 1.3863838 19
1721278211433 1.386606 20
1721278211830 1.3866675 21
1721278212192 1.3868188 22
1721278212552 1.3868294 23
1721278212929 1.3868517 24
1721278213327 1.3868341 25
1721278213732 1.3866997 26
1721278214124 1.386617 27
1721278214517 1.3865703 28
1721278214892 1.3865328 29
1721278215258 1.3864514 30
1721278215656 1.3864977 31
1721278216031 1.386477 32
1721278216407 1.3864801 33
1721278216772 1.3864372 34
1721278217165 1.3863748 35
1721278217551 1.3863592 36
1721278217977 1.3863134 37
1721278218414 1.3863182 38
1721278218832 1.3863764 39
1721278219230 1.3865137 40
1721278219632 1.3866568 41
1721278220063 1.3870442 42
1721278220442 1.3874394 43
1721278220814 1.387562 44
1721278221210 1.3876265 45
1721278221619 1.3876321 46
1721278222004 1.3876791 47
1721278222440 1.3877754 48
1721278222835 1.387749 49
1721278223238 1.3876054 50
1721278223673 1.3873963 51
1721278224176 1.387281 52
1721278224649 1.3871889 53
1721278225076 1.3869537 54
1721278225465 1.3867874 55
1721278225914 1.3866277 56
1721278226330 1.3863755 57
1721278226707 1.3862245 58
1721278227086 1.3861222 59
1721278227445 1.3860515 60
1721278227819 1.3860072 61
1721278228205 1.3860047 62
1721278228613 1.3860183 63
1721278229112 1.3861139 0
1721278229501 1.3862427 1
1721278229863 1.3863449 2
1721278230238 1.3865287 3
1721278230624 1.3867012 4
1721278231038 1.3868282 5
1721278231453 1.3869116 6
1721278231820 1.3870051 7
1721278232194 1.387063 8
1721278232580 1.3870392 9
1721278232978 1.3870199 10
1721278233380 1.3869162 11
1721278233759 1.3868017 12
1721278234140 1.3866692 13
1721278234537 1.3865476 14
1721278234935 1.3865802 15
1721278235318 1.3865137 16
1721278235693 1.3864965 17
1721278236091 1.3864149 18
1721278236466 1.3863895 19
1721278236848 1.3864925 20
1721278237236 1.3866532 21
1721278237606 1.3868232 22
1721278237978 1.3869915 23
1721278238367 1.3870813 24
1721278238747 1.3871226 25
1721278239131 1.3871129 26
1721278239546 1.3870194 27
1721278239930 1.3868705 28
1721278240327 1.386725 29
1721278240721 1.386511 30
1721278241118 1.386317 31
1721278241504 1.3861381 32
1721278241905 1.3859656 33
1721278242293 1.3857853 34
1721278242678 1.3856518 35
1721278243051 1.3856068 36
1721278243427 1.3856702 37
1721278243827 1.3859284 38
1721278244205 1.3861806 39
1721278244585 1.3863941 40
1721278244960 1.3866416 41
1721278245362 1.3868601 42
1721278245755 1.3869749 43
1721278246127 1.3870783 44
1721278246496 1.3870637 45
1721278246895 1.3870242 46
1721278247274 1.3869786 47
1721278247712 1.3868592 48
1721278248110 1.3867276 49
1721278248537 1.3866224 50
1721278248918 1.3865259 51
1721278249374 1.3864385 52
1721278249750 1.3862365 53
1721278250120 1.3861842 54
1721278250500 1.3860652 55
1721278250866 1.3860741 56
1721278251240 1.3860395 57
1721278251622 1.386208 58
1721278252000 1.386337 59
1721278252371 1.3865167 60
1721278252757 1.3867389 61
1721278253150 1.3869436 62
1721278253526 1.3870931 63
1721278253983 1.3871968 0
1721278254376 1.3872118 1
1721278254763 1.3871636 2
1721278255135 1.3870388 3
1721278255516 1.3868644 4
1721278255897 1.3867002 5
1721278256261 1.3864982 6
1721278256625 1.3863132 7
1721278256997 1.3861039 8
1721278257409 1.3859236 9
1721278257788 1.3857043 10
1721278258163 1.3855774 11
1721278258530 1.3854822 12
1721278258895 1.3853965 13
1721278259263 1.3854759 14
1721278259657 1.3856405 15
1721278260036 1.3858877 16
1721278260401 1.3862112 17
1721278260766 1.3865646 18
1721278261138 1.386925 19
1721278261514 1.3872238 20
1721278261914 1.3874311 21
1721278262296 1.3874538 22
1721278262666 1.387418 23
1721278263030 1.3873136 24
1721278263396 1.3871906 25
1721278263793 1.3870525 26
1721278264168 1.386935 27
1721278264544 1.3868599 28
1721278264923 1.3868268 29
1721278265312 1.3868415 30
1721278265673 1.3867381 31
1721278266037 1.3866296 32
1721278266416 1.3865085 33
1721278266788 1.3863903 34
1721278267159 1.3862933 35
1721278267537 1.3861588 36
1721278267915 1.386072 37
1721278268279 1.3858712 38
1721278268640 1.3858154 39
1721278269028 1.3857931 40
1721278269416 1.3858528 41
1721278269799 1.3859882 42
1721278270175 1.3861179 43
1721278270552 1.386269 44
1721278270978 1.3864193 45
1721278271358 1.386586 46
1721278271751 1.386718 47
1721278272123 1.3867378 48
1721278272485 1.3867238 49
1721278272858 1.3866256 50
1721278273259 1.3865092 51
1721278273636 1.3864037 52
1721278274011 1.3862722 53
1721278274411 1.3861153 54
1721278274785 1.3860252 55
1721278275158 1.3859231 56
1721278275543 1.3858447 57
1721278275932 1.3858331 58
1721278276304 1.3858688 59
1721278276664 1.3859724 60
1721278277047 1.3861942 61
1721278277440 1.3864162 62
1721278277815 1.3866131 63
1721278278278 1.3869115 0
1721278278686 1.3871549 1
1721278279060 1.3873006 2
1721278279450 1.3872952 3
1721278279828 1.3871257 4
1721278280205 1.3869967 5
1721278280578 1.3867997 6
1721278280969 1.386597 7
1721278281363 1.3863885 8
1721278281740 1.3861935 9
1721278282113 1.3860276 10
1721278282503 1.3858474 11
1721278282875 1.3856971 12
1721278283252 1.3856182 13
1721278283662 1.3855636 14
1721278284044 1.3855817 15
1721278284420 1.3858161 16
1721278284797 1.3859174 17
1721278285197 1.386128 18
1721278285585 1.3863682 19
1721278285973 1.3866075 20
1721278286367 1.3864746 21
1721278286745 1.386375 22
1721278287121 1.3861966 23
1721278287567 1.3862698 24
1721278287951 1.3862075 25
1721278288326 1.3863244 26
1721278288697 1.386479 27
1721278289094 1.3870103 28
1721278289507 1.3875954 29
1721278289920 1.3875344 30
1721278290300 1.3873105 31
1721278290692 1.3872666 32
1721278291073 1.3872494 33
1721278291474 1.3873512 34
1721278291884 1.3875568 35
1721278292263 1.3877745 36
1721278292631 1.3876992 37
1721278293017 1.3876882 38
1721278293395 1.3876033 39
1721278293769 1.3874328 40
1721278294153 1.3872448 41
1721278294575 1.3870773 42
1721278294957 1.3869834 43
1721278295344 1.3869835 44
1721278295739 1.3870121 45
1721278296124 1.3869774 46
1721278296501 1.3868642 47
1721278296878 1.3867718 48
1721278297292 1.3866674 49
1721278297693 1.3865432 50
1721278298070 1.3865037 51
1721278298444 1.3864576 52
1721278298845 1.3865638 53
1721278299228 1.3865368 54
1721278299611 1.3865924 55
1721278299992 1.3865914 56
1721278300372 1.3864574 57
1721278300746 1.3863037 58
1721278301148 1.3862333 59
1721278301545 1.3862631 60
1721278301933 1.3864088 61
1721278302316 1.3864993 62
1721278302714 1.3866122 63
