1721278055605 1.0605333 0
1721278056105 0.99773294 1
1721278056469 0.9544345 2
1721278056841 0.9316199 3
1721278057192 0.9209255 4
1721278057534 0.9134775 5
1721278057873 0.9009867 6
1721278058225 0.8797094 7
1721278058584 0.8581245 8
1721278058930 0.84169024 9
1721278059269 0.82758135 10
1721278059602 0.81908953 11
1721278059927 0.80968887 12
1721278060282 0.8020562 13
1721278060615 0.7960829 14
1721278060952 0.79117036 15
1721278061290 0.78770036 16
1721278061632 0.7797472 17
1721278061986 0.7726212 18
1721278062320 0.7635985 19
1721278062653 0.76311284 20
1721278063006 0.7617868 21
1721278063358 0.75646585 22
1721278063704 0.75340784 23
1721278064053 0.7485185 24
1721278064402 0.7456781 25
1721278064751 0.7452793 26
1721278065091 0.74124914 27
1721278065432 0.7409874 28
1721278065779 0.7389982 29
1721278066118 0.73813975 30
1721278066456 0.738194 31
1721278066795 0.7358871 32
1721278067135 0.73365515 33
1721278067482 0.7323376 34
1721278067833 0.7334244 35
1721278068178 0.7330878 36
1721278068507 0.73293245 37
1721278068847 0.731067 38
1721278069252 0.731439 39
1721278069624 0.72929764 40
1721278069983 0.7228652 41
1721278070329 0.72146815 42
1721278070675 0.72194654 43
1721278071012 0.72238815 44
1721278071356 0.72203934 45
1721278071736 0.72070915 46
1721278072100 0.7211028 47
1721278072452 0.72051984 48
1721278072815 0.719325 49
1721278073158 0.71971554 50
1721278073511 0.7185588 51
1721278073859 0.7165747 52
1721278074193 0.7144132 53
1721278074579 0.7127609 54
1721278075026 0.7133138 55
1721278075393 0.7130443 56
1721278075759 0.7127847 57
1721278076119 0.7123817 58
1721278076495 0.7118708 59
1721278076853 0.7126266 60
1721278077219 0.71226966 61
1721278077620 0.71366894 62
1721278078020 0.71358013 63
1721278078478 0.7124483 0
1721278078845 0.7119438 1
1721278079210 0.7112332 2
1721278079570 0.71240354 3
1721278079931 0.71066207 4
1721278080301 0.71023655 5
1721278080677 0.70908374 6
1721278081020 0.70929897 7
1721278081358 0.70983744 8
1721278081714 0.70857084 9
1721278082125 0.7080231 10
1721278082555 0.70905733 11
1721278082918 0.70729756 12
1721278083290 0.7077234 13
1721278083655 0.70754594 14
1721278083993 0.7075893 15
1721278084343 0.70819825 16
1721278084754 0.7084321 17
1721278085215 0.70804936 18
1721278085574 0.70735264 19
1721278085937 0.7082926 20
1721278086288 0.70733434 21
1721278086639 0.707975 22
1721278086984 0.7071361 23
1721278087347 0.7077383 24
1721278087733 0.705953 25
1721278088100 0.70555663 26
1721278088447 0.70604956 27
1721278088786 0.7072486 28
1721278089129 0.70623535 29
1721278089478 0.7064138 30
1721278089835 0.7044984 31
1721278090220 0.7046874 32
1721278090577 0.70728505 33
1721278090919 0.70350724 34
1721278091257 0.7022178 35
1721278091765 0.70171523 36
1721278092127 0.70199 37
1721278092475 0.7037086 38
1721278092816 0.7011665 39
1721278093155 0.7031666 40
1721278093506 0.70327944 41
1721278093908 0.701282 42
1721278094323 0.70390964 43
1721278094686 0.7031501 44
1721278095033 0.70489776 45
1721278095380 0.7025429 46
1721278095724 0.7037527 47
1721278096089 0.70344484 48
1721278096454 0.701765 49
1721278096806 0.7012515 50
1721278097153 0.7020771 51
1721278097500 0.70343214 52
1721278097851 0.7006992 53
1721278098194 0.702513 54
1721278098534 0.705153 55
1721278098871 0.7044259 56
1721278099213 0.7038147 57
1721278099570 0.70175076 58
1721278099921 0.7019566 59
1721278100258 0.7042442 60
1721278100627 0.7016042 61
1721278101024 0.704428 62
1721278101382 0.70373535 63
1721278101841 0.7030785 0
1721278102216 0.7010447 1
1721278102599 0.6990361 2
1721278102993 0.7003707 3
1721278103385 0.70090795 4
1721278103770 0.69999516 5
1721278104137 0.6999266 6
1721278104498 0.69943905 7
1721278104862 0.6988805 8
1721278105218 0.6998722 9
1721278105566 0.7009231 10
1721278105910 0.69848263 11
1721278106257 0.70030355 12
1721278106639 0.70345926 13
1721278106998 0.70262766 14
1721278107350 0.69919294 15
1721278107715 0.6983548 16
1721278108083 0.70050514 17
1721278108446 0.70308244 18
1721278108800 0.69948775 19
1721278109136 0.70055014 20
1721278109553 0.7017538 21
1721278109988 0.6983023 22
1721278110444 0.69547004 23
1721278110880 0.695471 24
1721278111256 0.70180005 25
1721278111625 0.70392394 26
1721278111995 0.70277643 27
1721278112351 0.700083 28
1721278112698 0.6991181 29
1721278113055 0.70103 30
1721278113410 0.70046127 31
1721278113766 0.70013154 32
1721278114130 0.70098937 33
1721278114479 0.7000903 34
1721278114828 0.6980028 35
1721278115172 0.6982102 36
1721278115510 0.7013727 37
1721278115852 0.69985354 38
1721278116196 0.69842875 39
1721278116571 0.69823265 40
1721278116930 0.7005498 41
1721278117305 0.70060056 42
1721278117678 0.6964948 43
1721278118051 0.69835407 44
1721278118427 0.69867873 45
1721278118789 0.6994136 46
1721278119185 0.6970243 47
1721278119551 0.6964876 48
1721278119917 0.6968852 49
1721278120286 0.69743615 50
1721278120646 0.6988033 51
1721278120999 0.6977192 52
1721278121344 0.6968008 53
1721278121687 0.6985813 54
1721278122037 0.69755447 55
1721278122380 0.69891757 56
1721278122724 0.69935155 57
1721278123070 0.6991268 58
1721278123451 0.69995433 59
1721278123848 0.6976467 60
1721278124245 0.698103 61
1721278124610 0.69807035 62
1721278124982 0.6979299 63
1721278125433 0.696793 0
1721278125857 0.6970405 1
1721278126304 0.69890445 2
1721278126718 0.6999209 3
1721278127139 0.69718593 4
1721278127547 0.69796973 5
1721278127956 0.6997282 6
1721278128382 0.699271 7
1721278128870 0.6991057 8
1721278129284 0.69918185 9
1721278129687 0.6999136 10
1721278130081 0.6983387 11
1721278130458 0.69821346 12
1721278130891 0.6977068 13
1721278131337 0.6976357 14
1721278131762 0.69763803 15
1721278132188 0.695816 16
1721278132578 0.6959889 17
1721278132979 0.695166 18
1721278133381 0.69502676 19
1721278133792 0.6950523 20
1721278134190 0.69651973 21
1721278134648 0.69682306 22
1721278135077 0.6953414 23
1721278135484 0.6958033 24
1721278135907 0.70005435 25
1721278136338 0.69697416 26
1721278136759 0.69412047 27
1721278137171 0.69761544 28
1721278137583 0.6973442 29
1721278138001 0.6982413 30
1721278138415 0.69867885 31
1721278138803 0.6969759 32
1721278139184 0.69770867 33
1721278139567 0.6959092 34
1721278139980 0.6984874 35
1721278140407 0.6976644 36
1721278140821 0.6953145 37
1721278141224 0.6996951 38
1721278141624 0.6990345 39
1721278142054 0.6948053 40
1721278142476 0.6962619 41
1721278142881 0.6957891 42
1721278143282 0.6970323 43
1721278143689 0.69734055 44
1721278144110 0.69830006 45
1721278144527 0.6967333 46
1721278144977 0.6952208 47
1721278145393 0.6964472 48
1721278145829 0.699558 49
1721278146293 0.69906706 50
1721278146747 0.6967226 51
1721278147153 0.69566476 52
1721278147559 0.6982006 53
1721278147952 0.6991981 54
1721278148375 0.6992492 55
1721278148766 0.69692 56
1721278149175 0.6958751 57
1721278149563 0.6980909 58
1721278149954 0.697987 59
1721278150375 0.7004582 60
1721278150759 0.6953436 61
1721278151164 0.69478375 62
1721278151577 0.69267714 63
1721278152047 0.6956711 0
1721278152445 0.6965368 1
1721278152840 0.69539744 2
1721278153224 0.6937858 3
1721278153630 0.6945927 4
1721278154009 0.6959548 5
1721278154379 0.696077 6
1721278154771 0.6949759 7
1721278155155 0.6952817 8
1721278155522 0.69565356 9
1721278155909 0.696964 10
1721278156312 0.69638693 11
1721278156708 0.6968744 12
1721278157080 0.69676036 13
1721278157448 0.6966559 14
1721278157827 0.6957823 15
1721278158232 0.69687504 16
1721278158618 0.69781226 17
1721278158995 0.6973102 18
1721278159388 0.6967409 19
1721278159768 0.69640315 20
1721278160152 0.69533044 21
1721278160609 0.6969991 22
1721278160989 0.69684637 23
1721278161379 0.69618624 24
1721278161755 0.6950902 25
1721278162132 0.6963883 26
1721278162526 0.696278 27
1721278162920 0.69491243 28
1721278163338 0.6949461 29
1721278163791 0.6952776 30
1721278164226 0.6967516 31
1721278164646 0.6953409 32
1721278165076 0.6936767 33
1721278165504 0.6937369 34
1721278165904 0.6949357 35
1721278166316 0.6962932 36
1721278166689 0.6943312 37
1721278167072 0.6954876 38
1721278167473 0.6947305 39
1721278167878 0.6952908 40
1721278168314 0.69595027 41
1721278168720 0.694152 42
1721278169138 0.6948277 43
1721278169654 0.69583315 44
1721278170056 0.69439846 45
1721278170467 0.6945601 46
1721278170932 0.6949147 47
1721278171346 0.69592446 48
1721278171772 0.69607294 49
1721278172193 0.6945519 50
1721278172574 0.6956695 51
1721278172948 0.69735754 52
1721278173334 0.6961338 53
1721278173716 0.6954788 54
1721278174105 0.69686 55
1721278174507 0.69632405 56
1721278174895 0.69681036 57
1721278175316 0.6967158 58
1721278175703 0.6975142 59
1721278176084 0.6977471 60
1721278176480 0.6957828 61
1721278176858 0.6971963 62
1721278177264 0.696023 63
1721278177745 0.6968837 0
1721278178118 0.69607073 1
1721278178483 0.6963958 2
1721278178888 0.6971482 3
1721278179275 0.69479114 4
1721278179704 0.6922295 5
1721278180096 0.6927142 6
1721278180490 0.69288313 7
1721278180884 0.6948671 8
1721278181292 0.6990076 9
1721278181678 0.6933209 10
1721278182062 0.6923124 11
1721278182465 0.69527525 12
1721278182846 0.6962801 13
1721278183212 0.69390994 14
1721278183599 0.6954794 15
1721278184004 0.6949201 16
1721278184391 0.6947938 17
1721278184797 0.69395745 18
1721278185167 0.6959506 19
1721278185531 0.6971507 20
1721278185913 0.694983 21
1721278186328 0.69543654 22
1721278186704 0.695453 23
1721278187073 0.6957339 24
1721278187438 0.6955264 25
1721278187822 0.69579333 26
1721278188204 0.6957446 27
1721278188610 0.6956748 28
1721278188993 0.69551766 29
1721278189366 0.69522303 30
1721278189763 0.69580764 31
1721278190150 0.6961611 32
1721278190541 0.6948906 33
1721278190954 0.6944237 34
1721278191352 0.69463944 35
1721278191719 0.69490004 36
1721278192081 0.6952553 37
1721278192448 0.69409364 38
1721278192854 0.69456536 39
1721278193232 0.69449466 40
1721278193629 0.69484836 41
1721278194014 0.69518965 42
1721278194429 0.69508296 43
1721278194822 0.69439507 44
1721278195215 0.6953039 45
1721278195625 0.6952087 46
1721278196011 0.69556713 47
1721278196409 0.69630843 48
1721278196790 0.6958429 49
1721278197186 0.6957235 50
1721278197643 0.69546556 51
1721278198158 0.6959216 52
1721278198596 0.69633096 53
1721278199003 0.695998 54
1721278199414 0.6952805 55
1721278199815 0.6950491 56
1721278200214 0.69506234 57
1721278200620 0.6952008 58
1721278201024 0.69409275 59
1721278201451 0.6936338 60
1721278201865 0.69373953 61
1721278202261 0.6938248 62
1721278202684 0.6940428 63
1721278203152 0.6937848 0
1721278203539 0.6942479 1
1721278203991 0.6936033 2
1721278204432 0.6942442 3
1721278204859 0.69418204 4
1721278205285 0.69434625 5
1721278205675 0.69442105 6
1721278206061 0.69393027 7
1721278206459 0.6950066 8
1721278206856 0.69504833 9
1721278207275 0.69470924 10
1721278207693 0.69553953 11
1721278208096 0.69490385 12
1721278208497 0.6940411 13
1721278208890 0.696237 14
1721278209289 0.69539356 15
1721278209796 0.6948194 16
1721278210211 0.6946698 17
1721278210625 0.6948349 18
1721278211039 0.6943338 19
1721278211436 0.6946809 20
1721278211833 0.6951224 21
1721278212195 0.69527054 22
1721278212555 0.69442284 23
1721278212932 0.6939506 24
1721278213331 0.69473624 25
1721278213735 0.6954599 26
1721278214127 0.695596 27
1721278214521 0.6939975 28
1721278214895 0.6939816 29
1721278215261 0.6951494 30
1721278215659 0.6954567 31
1721278216034 0.6956084 32
1721278216410 0.69377804 33
1721278216775 0.692558 34
1721278217168 0.69508094 35
1721278217554 0.6977755 36
1721278217981 0.6948011 37
1721278218417 0.69428766 38
1721278218836 0.69402707 39
1721278219233 0.6952278 40
1721278219635 0.6953002 41
1721278220067 0.69363254 42
1721278220445 0.6937223 43
1721278220817 0.69377595 44
1721278221213 0.69505686 45
1721278221622 0.6935821 46
1721278222007 0.69293 47
1721278222443 0.6935322 48
1721278222838 0.693901 49
1721278223241 0.69473857 50
1721278223676 0.6948754 51
1721278224180 0.69428533 52
1721278224653 0.693761 53
1721278225080 0.6937502 54
1721278225468 0.6946434 55
1721278225918 0.69522727 56
1721278226333 0.694761 57
1721278226710 0.6950178 58
1721278227089 0.6944763 59
1721278227447 0.6942873 60
1721278227822 0.6956352 61
1721278228208 0.69544494 62
1721278228616 0.69464266 63
1721278229115 0.69422156 0
1721278229504 0.69467556 1
1721278229866 0.69531906 2
1721278230241 0.69578516 3
1721278230627 0.69375134 4
1721278231041 0.69433725 5
1721278231457 0.69497025 6
1721278231822 0.6950871 7
1721278232197 0.6942003 8
1721278232583 0.69406 9
1721278232981 0.6946842 10
1721278233383 0.6943928 11
1721278233762 0.69416285 12
1721278234143 0.693921 13
1721278234540 0.6951688 14
1721278234939 0.69460773 15
1721278235321 0.6942571 16
1721278235696 0.6941404 17
1721278236094 0.6950895 18
1721278236469 0.69452846 19
1721278236851 0.69442934 20
1721278237238 0.6941702 21
1721278237609 0.6946608 22
1721278237981 0.69429743 23
1721278238370 0.6940111 24
1721278238750 0.69415885 25
1721278239134 0.694324 26
1721278239549 0.6946937 27
1721278239933 0.6938985 28
1721278240331 0.6940159 29
1721278240724 0.6944477 30
1721278241121 0.6948898 31
1721278241507 0.6949385 32
1721278241908 0.69467926 33
1721278242296 0.69387406 34
1721278242681 0.6955295 35
1721278243055 0.6950774 36
1721278243430 0.6950717 37
1721278243830 0.6944647 38
1721278244208 0.69441366 39
1721278244588 0.69446445 40
1721278244963 0.6941449 41
1721278245365 0.6933911 42
1721278245758 0.6949743 43
1721278246131 0.6940083 44
1721278246499 0.69348747 45
1721278246898 0.6946492 46
1721278247277 0.6945656 47
1721278247715 0.6927585 48
1721278248113 0.69496584 49
1721278248541 0.69539285 50
1721278248922 0.6938181 51
1721278249377 0.6944183 52
1721278249753 0.6952492 53
1721278250123 0.6936513 54
1721278250503 0.6943746 55
1721278250869 0.69514406 56
1721278251243 0.6945089 57
1721278251625 0.69378215 58
1721278252003 0.6949655 59
1721278252374 0.6932388 60
1721278252761 0.6936655 61
1721278253153 0.69394493 62
1721278253529 0.69405556 63
1721278253986 0.69415045 0
1721278254379 0.6942565 1
1721278254766 0.6932312 2
1721278255138 0.6927762 3
1721278255518 0.69401217 4
1721278255900 0.6953483 5
1721278256264 0.69405764 6
1721278256628 0.69473535 7
1721278257000 0.6924394 8
1721278257412 0.6933879 9
1721278257791 0.6956624 10
1721278258166 0.69585377 11
1721278258533 0.6943392 12
1721278258898 0.6938607 13
1721278259266 0.6937061 14
1721278259660 0.69390434 15
1721278260040 0.6943951 16
1721278260404 0.6958275 17
1721278260769 0.69280016 18
1721278261141 0.692841 19
1721278261517 0.694666 20
1721278261917 0.6945194 21
1721278262300 0.6942908 22
1721278262669 0.6932144 23
1721278263034 0.6922798 24
1721278263399 0.69406515 25
1721278263796 0.69419557 26
1721278264172 0.6933756 27
1721278264548 0.6952917 28
1721278264927 0.6959315 29
1721278265315 0.6930042 30
1721278265676 0.69227266 31
1721278266040 0.6954928 32
1721278266419 0.69628143 33
1721278266792 0.6938781 34
1721278267163 0.6925085 35
1721278267540 0.694174 36
1721278267919 0.6963769 37
1721278268283 0.69415677 38
1721278268643 0.6936641 39
1721278269031 0.69463754 40
1721278269419 0.6957654 41
1721278269802 0.6949833 42
1721278270178 0.6933522 43
1721278270555 0.6934354 44
1721278270981 0.6948129 45
1721278271361 0.6948776 46
1721278271754 0.69313884 47
1721278272125 0.69278294 48
1721278272488 0.69504786 49
1721278272861 0.6948227 50
1721278273262 0.69381076 51
1721278273639 0.6939086 52
1721278274014 0.69367254 53
1721278274414 0.69465256 54
1721278274788 0.6945408 55
1721278275161 0.693834 56
1721278275546 0.69384557 57
1721278275936 0.6943214 58
1721278276307 0.6936376 59
1721278276668 0.6940826 60
1721278277051 0.6948358 61
1721278277443 0.69421685 62
1721278277818 0.6947577 63
1721278278281 0.69359857 0
1721278278689 0.69337875 1
1721278279063 0.695029 2
1721278279453 0.6939659 3
1721278279831 0.69260824 4
1721278280208 0.6930849 5
1721278280580 0.69464815 6
1721278280973 0.69388944 7
1721278281366 0.6936182 8
1721278281743 0.6940797 9
1721278282116 0.6953366 10
1721278282506 0.69433475 11
1721278282878 0.6935679 12
1721278283255 0.69447905 13
1721278283665 0.6950202 14
1721278284047 0.6947208 15
1721278284423 0.69428205 16
1721278284800 0.69309735 17
1721278285200 0.6935902 18
1721278285588 0.6948839 19
1721278285976 0.6936213 20
1721278286370 0.6949042 21
1721278286748 0.694374 22
1721278287124 0.6938076 23
1721278287570 0.6945266 24
1721278287954 0.6957393 25
1721278288329 0.6936132 26
1721278288701 0.6931318 27
1721278289097 0.6928323 28
1721278289510 0.6928658 29
1721278289923 0.6933159 30
1721278290302 0.6940943 31
1721278290695 0.694469 32
1721278291076 0.6941003 33
1721278291477 0.6929424 34
1721278291887 0.69254315 35
1721278292267 0.6945677 36
1721278292634 0.6950914 37
1721278293020 0.6923675 38
1721278293399 0.6928949 39
1721278293772 0.693429 40
1721278294156 0.69380075 41
1721278294578 0.69248277 42
1721278294961 0.69449234 43
1721278295347 0.6940961 44
1721278295742 0.6929301 45
1721278296127 0.69419825 46
1721278296504 0.69347405 47
1721278296882 0.6934795 48
1721278297295 0.6935099 49
1721278297696 0.6940836 50
1721278298073 0.6940171 51
1721278298447 0.69369787 52
1721278298848 0.6928625 53
1721278299232 0.6941578 54
1721278299614 0.6939135 55
1721278299995 0.69308513 56
1721278300375 0.69403845 57
1721278300750 0.69433403 58
1721278301151 0.69280213 59
1721278301548 0.6929504 60
1721278301936 0.6937042 61
1721278302319 0.69493043 62
1721278302717 0.6943098 63
