1721182023121 0.5028708 0
1721182023455 0.45472336 1
1721182023783 0.41294494 2
1721182024116 0.37593412 3
1721182024432 0.34321046 4
1721182024756 0.31398544 5
1721182025085 0.28808063 6
1721182025412 0.26691058 7
1721182025734 0.24824046 8
1721182026048 0.2323213 9
1721182026369 0.21466836 10
1721182026695 0.20043744 11
1721182027001 0.18673909 12
1721182027306 0.17526801 13
1721182027616 0.16471994 14
1721182027923 0.15764554 15
1721182028227 0.14597484 16
1721182028534 0.13857621 17
1721182028843 0.12842412 18
1721182029154 0.1217398 19
1721182029463 0.11481729 20
1721182029772 0.11114465 21
1721182030083 0.103201926 22
1721182030397 0.099765666 23
1721182030722 0.09556635 24
1721182031035 0.09003729 25
1721182031370 0.08714975 26
1721182031697 0.08078602 27
1721182032034 0.07854299 28
1721182032416 0.07548365 29
1721182032755 0.07181168 30
1721182033084 0.07153229 31
1721182033406 0.06674044 32
1721182033741 0.064316 33
1721182034093 0.06140939 34
1721182034468 0.05989196 35
1721182034920 0.057901982 36
1721182035302 0.05508894 37
1721182035670 0.05422273 38
1721182036057 0.05309019 39
1721182036418 0.049949076 40
1721182036757 0.048243973 41
1721182037095 0.046734177 42
1721182037457 0.04691089 43
1721182037816 0.04561887 44
1721182038152 0.043159906 45
1721182038486 0.042047992 46
1721182038833 0.040765062 47
1721182039165 0.041259725 48
1721182039499 0.03898841 49
1721182039852 0.037838027 50
1721182040205 0.03771352 51
1721182040550 0.037735462 52
1721182040905 0.035409745 53
1721182041252 0.035978567 54
1721182041596 0.034469686 55
1721182041950 0.03324088 56
1721182042294 0.033830278 57
1721182042631 0.03177351 58
1721182042980 0.03148809 59
1721182043315 0.031294372 60
1721182043653 0.030347051 61
1721182043994 0.029374627 62
1721182044331 0.02932853 63
1721182044754 0.028593155 0
1721182045101 0.028076254 1
1721182045440 0.028541304 2
1721182045789 0.026957218 3
1721182046128 0.026981754 4
1721182046469 0.025679495 5
1721182046818 0.02586963 6
1721182047171 0.025276357 7
1721182047517 0.02464635 8
1721182047860 0.024005966 9
1721182048268 0.025897412 10
1721182048686 0.023727208 11
1721182049108 0.02303232 12
1721182049524 0.023237072 13
1721182049892 0.022592386 14
1721182050250 0.022506887 15
1721182050601 0.021944372 16
1721182050934 0.022260213 17
1721182051279 0.021096803 18
1721182051612 0.02105795 19
1721182051958 0.02144913 20
1721182052305 0.020348221 21
1721182052693 0.01983705 22
1721182053070 0.020271732 23
1721182053482 0.020477293 24
1721182053906 0.019554991 25
1721182054282 0.01955277 26
1721182054637 0.018680027 27
1721182054994 0.018813673 28
1721182055347 0.01832908 29
1721182055702 0.018445669 30
1721182056058 0.01811422 31
1721182056420 0.017840011 32
1721182056773 0.017503798 33
1721182057122 0.017566541 34
1721182057674 0.017385056 35
1721182058097 0.017393976 36
1721182058437 0.016888388 37
1721182058786 0.016374033 38
1721182059129 0.016523317 39
1721182059474 0.015986724 40
1721182059822 0.0161322 41
1721182060170 0.01567545 42
1721182060557 0.0164234 43
1721182060915 0.015253883 44
1721182061261 0.015768515 45
1721182061607 0.014940261 46
1721182061949 0.014765351 47
1721182062292 0.015054503 48
1721182062639 0.01474149 49
1721182063004 0.01474933 50
1721182063372 0.015205676 51
1721182063717 0.014534796 52
1721182064060 0.014102061 53
1721182064415 0.013986624 54
1721182064766 0.014153804 55
1721182065119 0.014375277 56
1721182065460 0.013858649 57
1721182065798 0.014040565 58
1721182066138 0.013457314 59
1721182066481 0.013646369 60
1721182066819 0.013673826 61
1721182067159 0.013135312 62
1721182067495 0.012801351 63
1721182067935 0.0127620585 0
1721182068276 0.012846718 1
1721182068613 0.012962628 2
1721182068949 0.012694088 3
1721182069313 0.012496016 4
1721182069688 0.012858692 5
1721182070058 0.012140866 6
1721182070427 0.01195861 7
1721182070792 0.0118929045 8
1721182071151 0.011786308 9
1721182071511 0.011656719 10
