1721182023116 1.3908312 0
1721182023451 1.3888848 1
1721182023779 1.3836572 2
1721182024112 1.3846145 3
1721182024428 1.3909392 4
1721182024752 1.3913653 5
1721182025081 1.3896999 6
1721182025408 1.3879207 7
1721182025730 1.3853968 8
1721182026045 1.3809482 9
1721182026365 1.3760712 10
1721182026691 1.3746773 11
1721182026996 1.3832865 12
1721182027302 1.4001534 13
1721182027611 1.4038515 14
1721182027919 1.4020219 15
1721182028223 1.3976512 16
1721182028529 1.3976247 17
1721182028838 1.3949904 18
1721182029150 1.39159 19
1721182029458 1.388596 20
1721182029767 1.3861686 21
1721182030078 1.3840898 22
1721182030392 1.3833103 23
1721182030717 1.3800695 24
1721182031031 1.3779297 25
1721182031356 1.3769865 26
1721182031693 1.3761147 27
1721182032029 1.3788707 28
1721182032410 1.3837816 29
1721182032750 1.3925087 30
1721182033080 1.40434 31
1721182033401 1.4010961 32
1721182033736 1.4040745 33
1721182034087 1.4063041 34
1721182034462 1.4047163 35
1721182034914 1.3990976 36
1721182035297 1.3935113 37
1721182035665 1.389497 38
1721182036052 1.388521 39
1721182036413 1.3886378 40
1721182036752 1.3867373 41
1721182037091 1.38429 42
1721182037452 1.3843436 43
1721182037812 1.3896161 44
1721182038147 1.3975453 45
1721182038481 1.3977802 46
1721182038829 1.394953 47
1721182039160 1.3905807 48
1721182039494 1.3823681 49
1721182039845 1.3744094 50
1721182040200 1.3689597 51
1721182040545 1.3656247 52
1721182040900 1.3710672 53
1721182041247 1.3813933 54
1721182041591 1.3874186 55
1721182041945 1.3875229 56
1721182042289 1.3907061 57
1721182042627 1.3934944 58
1721182042975 1.3992416 59
1721182043310 1.4035048 60
1721182043649 1.4082658 61
1721182043989 1.4112356 62
1721182044326 1.4099462 63
1721182044749 1.4057751 0
1721182045096 1.4027898 1
1721182045435 1.399709 2
1721182045784 1.3982248 3
1721182046123 1.3970383 4
1721182046464 1.3955036 5
1721182046814 1.391358 6
1721182047166 1.3869467 7
1721182047512 1.3832879 8
1721182047855 1.3792305 9
1721182048262 1.3762381 10
1721182048681 1.3770791 11
1721182049103 1.3789861 12
1721182049519 1.3811498 13
1721182049886 1.3867836 14
1721182050244 1.3887842 15
1721182050595 1.3870986 16
1721182050930 1.3849446 17
1721182051274 1.3831351 18
1721182051607 1.3807242 19
1721182051953 1.3808861 20
1721182052300 1.383027 21
1721182052688 1.3866696 22
1721182053064 1.3919693 23
1721182053475 1.3971035 24
1721182053901 1.4007851 25
1721182054276 1.3992314 26
1721182054632 1.396634 27
1721182054989 1.3934532 28
1721182055341 1.3904142 29
1721182055697 1.3874792 30
1721182056052 1.3843398 31
1721182056415 1.3811314 32
1721182056768 1.378902 33
1721182057117 1.3751023 34
1721182057668 1.3728691 35
1721182058092 1.3719815 36
1721182058432 1.372086 37
1721182058781 1.3744001 38
1721182059125 1.3781319 39
1721182059469 1.3842874 40
1721182059816 1.3965697 41
1721182060166 1.4084928 42
1721182060552 1.4182786 43
1721182060910 1.4178593 44
1721182061256 1.4145532 45
1721182061602 1.4106107 46
1721182061944 1.4063897 47
1721182062287 1.4031272 48
1721182062633 1.4005144 49
1721182062998 1.3995228 50
1721182063367 1.3979651 51
1721182063712 1.3944683 52
1721182064056 1.3912756 53
1721182064410 1.3874713 54
1721182064761 1.3839016 55
1721182065114 1.3802497 56
1721182065455 1.3762162 57
1721182065792 1.3722012 58
1721182066133 1.367975 59
1721182066476 1.367012 60
1721182066814 1.3660562 61
1721182067154 1.3681605 62
1721182067490 1.3775892 63
1721182067931 1.3806398 0
1721182068270 1.3806088 1
1721182068608 1.3821744 2
1721182068944 1.384618 3
1721182069307 1.3899357 4
1721182069674 1.4004868 5
1721182070053 1.4026678 6
1721182070422 1.395965 7
1721182070787 1.3900423 8
1721182071145 1.3861599 9
1721182071505 1.3853899 10
