1721182023119 1.043696 0
1721182023454 1.126691 1
1721182023781 1.1728384 2
1721182024115 1.2071309 3
1721182024430 1.2164835 4
1721182024755 1.2525823 5
1721182025083 1.2881856 6
1721182025410 1.2972662 7
1721182025732 1.2905673 8
1721182026046 1.2827909 9
1721182026367 1.3094175 10
1721182026693 1.4005036 11
1721182026998 1.4715904 12
1721182027304 1.4548163 13
1721182027614 1.4973634 14
1721182027921 1.6018119 15
1721182028225 1.7038423 16
1721182028532 1.7167013 17
1721182028841 1.7174835 18
1721182029152 1.7466183 19
1721182029461 1.7761858 20
1721182029770 1.8060393 21
1721182030081 1.8244252 22
1721182030395 1.8347496 23
1721182030720 1.8361635 24
1721182031033 1.852989 25
1721182031368 1.8753161 26
1721182031695 1.9144878 27
1721182032032 1.9517725 28
1721182032413 1.9700199 29
1721182032753 1.9419985 30
1721182033082 1.8746011 31
1721182033404 1.8380904 32
1721182033738 1.8049517 33
1721182034090 1.7833891 34
1721182034465 1.815876 35
1721182034917 1.8886502 36
1721182035300 1.9810264 37
1721182035667 2.0888247 38
1721182036054 2.19049 39
1721182036416 2.2741334 40
1721182036755 2.3411033 41
1721182037093 2.4142704 42
1721182037455 2.4588208 43
1721182037814 2.4488063 44
1721182038149 2.3690534 45
1721182038484 2.2726848 46
1721182038831 2.1804843 47
1721182039163 2.1077297 48
1721182039497 2.0791748 49
1721182039848 2.091664 50
1721182040203 2.1606374 51
1721182040548 2.2421432 52
1721182040903 2.2959201 53
1721182041250 2.3047457 54
1721182041594 2.3027737 55
1721182041948 2.3135557 56
1721182042292 2.3201141 57
1721182042629 2.319224 58
1721182042978 2.2903883 59
1721182043313 2.261654 60
1721182043651 2.2279363 61
1721182043992 2.1619272 62
1721182044329 2.1054983 63
1721182044751 2.0858748 0
1721182045099 2.076667 1
1721182045438 2.0760193 2
1721182045787 2.071103 3
1721182046126 2.0578806 4
1721182046467 2.0468338 5
1721182046816 2.062366 6
1721182047168 2.101975 7
1721182047515 2.1555943 8
1721182047857 2.2382185 9
1721182048265 2.3188226 10
1721182048684 2.38861 11
1721182049106 2.437325 12
1721182049522 2.4608226 13
1721182049890 2.4677866 14
1721182050247 2.4577692 15
1721182050598 2.4566555 16
1721182050932 2.4620495 17
1721182051276 2.4871526 18
1721182051609 2.5234973 19
1721182051956 2.5638618 20
1721182052303 2.5889237 21
1721182052691 2.59752 22
1721182053067 2.5652027 23
1721182053478 2.4960804 24
1721182053904 2.394136 25
1721182054279 2.2921183 26
1721182054635 2.1957126 27
1721182054992 2.097456 28
1721182055344 2.0355177 29
1721182055700 2.007242 30
1721182056056 2.027178 31
1721182056418 2.0732713 32
1721182056771 2.130886 33
1721182057120 2.201654 34
1721182057671 2.28674 35
1721182058095 2.3759952 36
1721182058435 2.4549496 37
1721182058783 2.5077345 38
1721182059127 2.5326266 39
1721182059472 2.5255988 40
1721182059819 2.4751 41
1721182060168 2.3803973 42
1721182060555 2.2563226 43
1721182060912 2.166614 44
1721182061259 2.1033926 45
1721182061605 2.0595288 46
1721182061947 2.037556 47
1721182062289 2.0401244 48
1721182062636 2.0567467 49
1721182063001 2.0761597 50
1721182063369 2.0848644 51
1721182063715 2.096411 52
1721182064058 2.1019006 53
1721182064413 2.1034045 54
1721182064764 2.1284084 55
1721182065116 2.1708455 56
1721182065457 2.2277515 57
1721182065796 2.2880092 58
1721182066135 2.373796 59
1721182066478 2.4594564 60
1721182066817 2.5658016 61
1721182067157 2.6525686 62
1721182067492 2.6939428 63
1721182067934 2.738656 0
1721182068274 2.7802727 1
1721182068611 2.7938826 2
1721182068946 2.78234 3
1721182069310 2.7402647 4
1721182069685 2.6387033 5
1721182070056 2.5130703 6
1721182070425 2.4356651 7
1721182070790 2.3980079 8
1721182071148 2.3866096 9
1721182071508 2.3901732 10
